Gene Table for Profile 9 (0.0,1.0,0.0,2.0)
Num. Genes Expected	Num. Genes Assigned	P-Value	Significant
1,545.0	1,350.5	4.8E-8	 (significant)
-------
Selected	Weight	GeneSymbolHGNC	Spot	0	sixHours	twelveHours	twentyFourHours
	1.00	0 (SPOT_A_23_P100872)	A_23_P100872	0.00	0.27	-0.44	0.87
	1.00	0 (SPOT_A_23_P100935)	A_23_P100935	0.00	0.09	-1.58	4.97
	1.00	0 (SPOT_A_23_P101025)	A_23_P101025	0.00	1.20	0.69	1.76
	1.00	NKIRAS2	A_23_P10135	0.00	0.44	0.01	3.06
	1.00	0 (SPOT_A_23_P101636)	A_23_P101636	0.00	1.54	0.12	1.49
	1.00	0 (SPOT_A_23_P101783)	A_23_P101783	0.00	1.03	-0.12	1.55
	1.00	WFDC6	A_23_P102634	0.00	0.23	-0.41	0.98
	1.00	0 (SPOT_A_23_P102973)	A_23_P102973	0.00	1.09	0.09	1.11
	1.00	0 (SPOT_A_23_P104445)	A_23_P104445	0.00	1.11	0.59	1.58
	1.00	0 (SPOT_A_23_P105212)	A_23_P105212	0.00	-0.14	-0.84	1.13
	1.00	0 (SPOT_A_23_P105475)	A_23_P105475	0.00	-0.08	-0.68	0.79
	1.00	GPR89B;GPR89A	A_23_P1056	0.00	0.91	-0.26	1.40
	1.00	TRIP11	A_23_P106241	0.00	0.97	0.05	1.54
	1.00	0 (SPOT_A_23_P107373)	A_23_P107373	0.00	0.78	0.27	2.00
	1.00	ZNF586	A_23_P107693	0.00	1.46	-0.05	2.26
	1.00	VRK3	A_23_P107933	0.00	1.61	0.23	2.49
	1.00	0 (SPOT_A_23_P108216)	A_23_P108216	0.00	1.93	0.52	3.04
	1.00	RNF181	A_23_P108708	0.00	0.07	-1.06	1.18
	1.00	ALLC	A_23_P108734	0.00	0.10	-0.16	0.95
	1.00	0 (SPOT_A_23_P109122)	A_23_P109122	0.00	6.60	2.52	9.63
	1.00	THOC5	A_23_P109470	0.00	1.04	-0.26	1.42
	1.00	0 (SPOT_A_23_P110116)	A_23_P110116	0.00	2.56	0.91	3.33
	1.00	APBB3	A_23_P110445	0.00	-0.16	-1.61	1.17
	1.00	MAST4	A_23_P110571;A_24_P84340	0.00	1.92	0.43	2.38
	1.00	0 (SPOT_A_23_P110704)	A_23_P110704	0.00	1.53	0.34	1.71
	1.00	MYOT	A_23_P110764	0.00	0.02	-0.67	1.02
	1.00	0 (SPOT_A_23_P111267)	A_23_P111267	0.00	1.99	1.36	2.86
	1.00	GNG11	A_23_P111701	0.00	10.23	0.25	10.18
	1.00	CDH17	A_23_P111947	0.00	-0.00	-0.47	1.00
	1.00	GPC5	A_23_P112874	0.00	0.05	-0.22	1.15
	1.00	0 (SPOT_A_23_P113367)	A_23_P113367	0.00	-0.02	-0.47	0.87
	1.00	0 (SPOT_A_23_P113549)	A_23_P113549	0.00	0.09	-0.13	0.97
	1.00	TRIM11	A_23_P115124	0.00	1.65	0.36	2.72
	1.00	LGALS9	A_23_P116557	0.00	1.47	0.98	2.47
	1.00	0 (SPOT_A_23_P116640)	A_23_P116640	0.00	0.03	-0.21	0.88
	1.00	0 (SPOT_A_23_P11674)	A_23_P11674	0.00	0.25	-0.13	0.96
	1.00	PIWIL1	A_23_P116741	0.00	0.05	-0.20	1.07
	1.00	0 (SPOT_A_23_P117190)	A_23_P117190	0.00	1.32	0.93	2.53
	1.00	RXFP2	A_23_P117261	0.00	0.07	-0.23	0.85
	1.00	0 (SPOT_A_23_P117411)	A_23_P117411	0.00	1.08	-1.17	1.97
	1.00	ARID4A	A_23_P117515	0.00	1.12	0.12	2.79
	1.00	0 (SPOT_A_23_P117882)	A_23_P117882	0.00	0.71	0.08	4.98
	1.00	HSD17B2	A_23_P118065	0.00	1.72	0.52	2.64
	1.00	0 (SPOT_A_23_P118086)	A_23_P118086	0.00	0.08	-1.49	1.22
	1.00	RPL3L	A_23_P118095	0.00	2.09	0.95	2.50
	1.00	0 (SPOT_A_23_P118967)	A_23_P118967	0.00	0.04	-0.82	2.71
	1.00	0 (SPOT_A_23_P119395)	A_23_P119395	0.00	1.46	0.59	1.88
	1.00	EBI3	A_23_P119478	0.00	1.65	1.64	7.54
	1.00	TMEM74B	A_23_P120504	0.00	3.39	0.09	6.56
	1.00	0 (SPOT_A_23_P120545)	A_23_P120545	0.00	0.07	-0.22	0.89
	1.00	UPB1	A_23_P120822	0.00	4.62	3.50	11.14
	1.00	LYZL4	A_23_P121144	0.00	0.15	-0.14	0.94
	1.00	BTN2A2	A_23_P122439	0.00	4.39	1.70	4.53
	1.00	TFR2	A_23_P122896	0.00	1.87	0.42	2.06
	1.00	INHBA	A_23_P122924	0.00	3.23	3.12	11.17
	1.00	GNGT1	A_23_P123096	0.00	0.10	-0.13	1.22
	1.00	0 (SPOT_A_23_P123125)	A_23_P123125	0.00	1.69	0.59	2.80
	1.00	OR2A9P	A_23_P123172;A_24_P506816	0.00	0.23	-1.84	2.20
	1.00	KCNQ3	A_23_P123393	0.00	2.09	0.55	1.97
	1.00	0 (SPOT_A_23_P12386)	A_23_P12386	0.00	0.12	-0.13	0.96
	1.00	ARHGAP27P1-BPTFP1-KPNA2P3;KPNA2P3;KPNA2	A_23_P125265	0.00	0.73	-0.10	2.50
	1.00	ANKRD30A	A_23_P12533	0.00	0.06	-0.13	0.94
	1.00	TNMD	A_23_P125588	0.00	-0.05	-0.53	0.81
	1.00	CHIT1	A_23_P126278	0.00	1.41	1.38	6.04
	1.00	BBOX1	A_23_P127495	0.00	0.16	-0.23	2.05
	1.00	RAB3IP	A_23_P128174	0.00	1.89	1.34	4.19
	1.00	0 (SPOT_A_23_P128897)	A_23_P128897	0.00	0.02	-1.24	1.02
	1.00	0 (SPOT_A_23_P129031)	A_23_P129031	0.00	2.05	1.42	2.88
	1.00	MSRB1	A_23_P129486	0.00	1.70	0.18	4.73
	1.00	0 (SPOT_A_23_P129492)	A_23_P129492	0.00	3.42	0.09	6.38
	1.00	GUCY2D	A_23_P130259	0.00	0.06	-0.80	1.83
	1.00	RBM4;RBM14-RBM4	A_23_P13033	0.00	1.43	0.59	1.65
	1.00	CTAGE1	A_23_P130398;A_24_P305223	0.00	0.48	-0.43	1.28
	1.00	0 (SPOT_A_23_P130573)	A_23_P130573	0.00	0.04	-0.70	1.03
	1.00	KANK3	A_23_P131089	0.00	2.25	0.47	2.64
	1.00	FANCL	A_23_P131383	0.00	1.88	1.32	3.48
	1.00	0 (SPOT_A_23_P13150)	A_23_P13150	0.00	1.25	0.30	3.89
	1.00	0 (SPOT_A_23_P131754)	A_23_P131754	0.00	1.64	-0.25	1.77
	1.00	OR8G1	A_23_P13195	0.00	0.18	-0.25	1.11
	1.00	CNBD2	A_23_P132041	0.00	0.25	-0.10	1.11
	1.00	C22ORF46	A_23_P132341	0.00	0.68	-1.19	2.90
	1.00	0 (SPOT_A_23_P133142)	A_23_P133142	0.00	1.80	0.53	2.52
	1.00	PCDHB14	A_23_P133236	0.00	0.01	-0.68	0.98
	1.00	0 (SPOT_A_23_P133854)	A_23_P133854	0.00	1.28	0.88	4.42
	1.00	TBX18	A_23_P134041	0.00	-0.15	-0.57	0.84
	1.00	FABP7	A_23_P134139	0.00	0.01	-0.50	0.91
	1.00	0 (SPOT_A_23_P134225)	A_23_P134225	0.00	1.61	-1.17	5.67
	1.00	0 (SPOT_A_23_P134994)	A_23_P134994	0.00	2.67	1.10	3.33
	1.00	0 (SPOT_A_23_P135848)	A_23_P135848	0.00	2.62	1.77	4.42
	1.00	0 (SPOT_A_23_P135926)	A_23_P135926	0.00	1.40	-1.04	2.15
	1.00	SLC25A21	A_23_P136504	0.00	0.12	-0.57	1.03
	1.00	SHCBP1L	A_23_P136571	0.00	0.11	-0.17	1.06
	1.00	0 (SPOT_A_23_P136959)	A_23_P136959	0.00	0.06	-0.66	1.03
	1.00	0 (SPOT_A_23_P13725)	A_23_P13725	0.00	0.01	-0.67	2.37
	1.00	0 (SPOT_A_23_P137361)	A_23_P137361	0.00	0.58	-0.12	1.80
	1.00	0 (SPOT_A_23_P137806)	A_23_P137806	0.00	0.86	0.41	2.65
	1.00	PM20D1	A_23_P138328	0.00	0.11	-0.23	0.90
	1.00	0 (SPOT_A_23_P138957)	A_23_P138957	0.00	0.98	0.03	2.16
	1.00	PRR13	A_23_P139575	0.00	-0.02	-0.85	1.29
	1.00	TNFRSF1A	A_23_P139722	0.00	0.67	0.56	2.26
	1.00	0 (SPOT_A_23_P139986)	A_23_P139986	0.00	2.24	0.60	3.93
	1.00	SUPT20H	A_23_P140050	0.00	0.65	0.39	1.92
	1.00	0 (SPOT_A_23_P140111)	A_23_P140111	0.00	1.58	0.93	2.91
	1.00	FSCB	A_23_P140342	0.00	0.02	-0.71	1.02
	1.00	0 (SPOT_A_23_P140563)	A_23_P140563	0.00	0.54	-0.14	2.39
	1.00	0 (SPOT_A_23_P140654)	A_23_P140654	0.00	0.21	-0.62	1.27
	1.00	0 (SPOT_A_23_P140780)	A_23_P140780	0.00	2.12	-1.60	2.86
	1.00	ELMO3	A_23_P140830	0.00	1.06	0.35	3.55
	1.00	TPGS2	A_23_P141715	0.00	0.84	0.40	3.98
	1.00	TNFSF13B	A_23_P14174	0.00	5.15	3.16	6.56
	1.00	FOXA3	A_23_P142174	0.00	1.11	0.14	2.91
	1.00	0 (SPOT_A_23_P142197)	A_23_P142197	0.00	1.08	0.41	1.19
	1.00	0 (SPOT_A_23_P142380)	A_23_P142380	0.00	2.42	0.80	2.56
	1.00	ATOH8	A_23_P142878	0.00	1.57	-1.85	2.76
	1.00	RBM45	A_23_P142994	0.00	1.33	0.83	1.71
	1.00	MOV10L1	A_23_P143774;A_24_P231010	0.00	0.44	-0.07	3.35
	1.00	0 (SPOT_A_23_P144145)	A_23_P144145	0.00	0.49	0.31	1.13
	1.00	ZNF454	A_23_P144746	0.00	0.17	-1.08	0.86
	1.00	BAK1P1;BAK1	A_23_P145357	0.00	0.80	0.15	1.33
	1.00	CEP162	A_23_P145424	0.00	0.77	-0.07	1.05
	1.00	DDC	A_23_P145644	0.00	2.23	1.65	6.50
	1.00	SAMD9L	A_23_P145874	0.00	8.00	5.03	14.14
	1.00	EFCAB1	A_23_P146294	0.00	0.09	-0.19	0.92
	1.00	DEC1	A_23_P146486	0.00	0.03	-0.55	0.99
	1.00	PRF1	A_23_P1473	0.00	4.03	2.42	7.16
	1.00	0 (SPOT_A_23_P147404)	A_23_P147404	0.00	-0.10	-0.79	1.73
	1.00	EPHA5	A_23_P147839	0.00	0.07	-0.67	2.89
	1.00	LINC00115	A_23_P149050	0.00	0.21	-0.73	2.32
	1.00	DIRAS3	A_23_P149121	0.00	-0.05	-0.72	0.91
	1.00	0 (SPOT_A_23_P149398)	A_23_P149398	0.00	1.65	-1.14	2.13
	1.00	HIST2H2BE;HIST2H2AB	A_23_P149545	0.00	2.23	-0.95	6.99
	1.00	TMC5	A_23_P15101	0.00	-0.09	-0.67	0.87
	1.00	C14ORF132	A_23_P151529	0.00	2.40	0.10	4.10
	1.00	DDX24	A_23_P151544	0.00	1.76	1.18	3.21
	1.00	IFI35	A_23_P152782	0.00	6.27	3.04	7.84
	1.00	0 (SPOT_A_23_P152909)	A_23_P152909	0.00	2.32	0.37	5.14
	1.00	HSH2D	A_23_P153372	0.00	2.71	2.28	9.83
	1.00	LGALS3BP	A_23_P15357	0.00	3.59	1.89	5.09
	1.00	0 (SPOT_A_23_P153917)	A_23_P153917	0.00	0.03	-1.01	0.78
	1.00	0 (SPOT_A_23_P153971)	A_23_P153971	0.00	1.76	0.31	6.25
	1.00	KCNJ3	A_23_P153986	0.00	0.08	-0.62	1.02
	1.00	0 (SPOT_A_23_P154643)	A_23_P154643	0.00	0.80	0.39	2.10
	1.00	BPIFB1	A_23_P154784	0.00	0.01	-0.29	0.97
	1.00	0 (SPOT_A_23_P155106)	A_23_P155106	0.00	3.76	1.87	5.49
	1.00	FMO3	A_23_P155596	0.00	0.13	-0.61	0.75
	1.00	0 (SPOT_A_23_P155733)	A_23_P155733	0.00	-0.13	-1.18	2.47
	1.00	SULT1E1	A_23_P155786	0.00	-0.01	-0.53	1.65
	1.00	ZNF622	A_23_P156209	0.00	0.19	-0.93	0.95
	1.00	VWC2	A_23_P157338	0.00	0.06	-0.40	1.02
	1.00	PCDH10	A_23_P158851	0.00	0.05	-0.80	1.46
	1.00	0 (SPOT_A_23_P158913)	A_23_P158913	0.00	-0.01	-0.89	0.82
	1.00	0 (SPOT_A_23_P159169)	A_23_P159169	0.00	-0.07	-0.84	0.86
	1.00	0 (SPOT_A_23_P159284)	A_23_P159284	0.00	1.65	0.31	4.97
	1.00	ANGPTL3	A_23_P160262	0.00	0.07	-0.13	0.97
	1.00	ABCA4	A_23_P160940	0.00	0.07	-0.69	0.78
	1.00	ZDHHC6	A_23_P161183	0.00	-0.23	-1.19	0.82
	1.00	0 (SPOT_A_23_P16122)	A_23_P16122	0.00	-0.04	-0.55	1.04
	1.00	ARNTL	A_23_P162037	0.00	0.12	-0.69	1.21
	1.00	ACTR6	A_23_P162596	0.00	1.36	0.58	1.77
	1.00	SLC35F4	A_23_P163075	0.00	0.09	-0.16	1.19
	1.00	0 (SPOT_A_23_P163630)	A_23_P163630	0.00	2.64	1.17	3.06
	1.00	0 (SPOT_A_23_P164427)	A_23_P164427	0.00	0.58	0.01	2.25
	1.00	PIK3C3	A_23_P164536	0.00	0.49	-0.71	0.92
	1.00	0 (SPOT_A_23_P165372)	A_23_P165372	0.00	0.06	-0.29	1.07
	1.00	STRN	A_23_P165521	0.00	3.15	1.21	3.86
	1.00	SEMA4F	A_23_P165608;A_32_P195065	0.00	1.51	0.93	1.90
	1.00	0 (SPOT_A_23_P165909)	A_23_P165909	0.00	2.24	-0.08	4.87
	1.00	0 (SPOT_A_23_P166193)	A_23_P166193	0.00	0.23	-0.59	2.29
	1.00	FAM3B	A_23_P166269	0.00	1.73	1.30	5.76
	1.00	OR7A5	A_23_P16630	0.00	0.02	-0.51	0.96
	1.00	OSM	A_23_P166408	0.00	1.91	0.90	10.53
	1.00	GNAT1	A_23_P166884	0.00	0.10	-0.19	0.92
	1.00	0 (SPOT_A_23_P167182)	A_23_P167182	0.00	0.08	-0.13	0.93
	1.00	IL21	A_23_P167250	0.00	0.51	-0.24	3.46
	1.00	ABHD18	A_23_P167358	0.00	3.23	2.34	4.45
	1.00	0 (SPOT_A_23_P167408)	A_23_P167408	0.00	-0.27	-1.08	0.95
	1.00	0 (SPOT_A_23_P168014)	A_23_P168014	0.00	1.92	0.68	4.51
	1.00	0 (SPOT_A_23_P168351)	A_23_P168351	0.00	0.07	-0.67	2.36
	1.00	0 (SPOT_A_23_P168388)	A_23_P168388	0.00	2.72	1.18	4.00
	1.00	VIL1	A_23_P16866	0.00	3.33	2.89	9.63
	1.00	0 (SPOT_A_23_P169949)	A_23_P169949	0.00	0.01	-0.67	0.62
	1.00	0 (SPOT_A_23_P170830)	A_23_P170830	0.00	1.84	-1.36	3.15
	1.00	KLHL4	A_23_P171150	0.00	-0.03	-1.10	1.20
	1.00	RAPGEF4	A_23_P17192	0.00	1.07	0.63	4.73
	1.00	SIGLEC1	A_23_P17481	0.00	2.50	1.31	5.69
	1.00	MX1	A_23_P17663	0.00	8.99	1.65	14.78
	1.00	PLA2G3	A_23_P17821	0.00	1.40	-0.59	3.24
	1.00	0 (SPOT_A_23_P17911)	A_23_P17911	0.00	1.21	-1.33	3.19
	1.00	0 (SPOT_A_23_P18173)	A_23_P18173	0.00	0.97	-2.08	3.88
	1.00	RBM5	A_23_P18276	0.00	0.27	-0.09	0.94
	1.00	B3GAT1	A_23_P1833	0.00	1.80	0.53	2.31
	1.00	0 (SPOT_A_23_P18590)	A_23_P18590	0.00	1.01	0.38	1.09
	1.00	TMPRSS11E	A_23_P18751	0.00	0.03	-0.56	0.98
	1.00	0 (SPOT_A_23_P18966)	A_23_P18966	0.00	-0.39	-2.11	2.57
	1.00	0 (SPOT_A_23_P19556)	A_23_P19556	0.00	-0.02	-0.46	1.09
	1.00	0 (SPOT_A_23_P200160)	A_23_P200160	0.00	5.07	2.36	8.33
	1.00	0 (SPOT_A_23_P200524)	A_23_P200524	0.00	3.04	1.92	9.83
	1.00	USP48	A_23_P200551	0.00	0.11	-1.02	0.94
	1.00	GRM3	A_23_P20068	0.00	-0.03	-0.68	1.78
	1.00	IFI6	A_23_P201459	0.00	1.44	1.29	6.07
	1.00	0 (SPOT_A_23_P2026)	A_23_P2026	0.00	0.55	-0.02	1.44
	1.00	ACRV1	A_23_P202894	0.00	0.15	-0.06	1.32
	1.00	0 (SPOT_A_23_P203698)	A_23_P203698	0.00	-0.04	-0.50	0.63
	1.00	SSPN	A_23_P203920	0.00	0.61	-2.04	5.32
	1.00	OAS2	A_23_P204087	0.00	5.70	4.16	10.94
	1.00	SLC41A2	A_23_P204801	0.00	2.97	2.05	5.15
	1.00	PCDH20	A_23_P204885	0.00	0.02	-0.59	1.00
	1.00	0 (SPOT_A_23_P206413)	A_23_P206413	0.00	0.59	-0.12	1.33
	1.00	DIRAS2	A_23_P20660	0.00	0.57	0.44	1.24
	1.00	0 (SPOT_A_23_P206612)	A_23_P206612	0.00	0.27	-0.68	2.07
	1.00	PPY	A_23_P207336	0.00	0.75	-0.67	1.55
	1.00	TRPV2	A_23_P207911	0.00	0.62	0.39	2.11
	1.00	0 (SPOT_A_23_P208393)	A_23_P208393	0.00	3.45	2.23	4.81
	1.00	0 (SPOT_A_23_P208595)	A_23_P208595	0.00	0.76	0.56	3.31
	1.00	GLI2	A_23_P209246	0.00	2.60	-1.12	3.70
	1.00	ANKRD44	A_23_P209347;A_24_P128713	0.00	1.15	-0.09	1.40
	1.00	0 (SPOT_A_23_P209464)	A_23_P209464	0.00	0.05	-0.68	1.52
	1.00	0 (SPOT_A_23_P209484)	A_23_P209484	0.00	0.05	-0.40	1.15
	1.00	NAB1	A_23_P209805;A_24_P191417	0.00	2.55	0.93	2.98
	1.00	EPPIN;EPPIN-WFDC6	A_23_P210503	0.00	-0.07	-0.56	1.34
	1.00	NCOA5	A_23_P210515;A_23_P315843	0.00	0.48	-0.02	1.46
	1.00	0 (SPOT_A_23_P210521)	A_23_P210521	0.00	3.44	0.49	5.45
	1.00	SEPT1	A_23_P21057	0.00	1.20	0.58	1.55
	1.00	0 (SPOT_A_23_P210995)	A_23_P210995	0.00	1.40	0.08	2.40
	1.00	0 (SPOT_A_23_P211028)	A_23_P211028	0.00	-0.02	-0.46	0.85
	1.00	DGCR8	A_23_P211355	0.00	0.87	0.58	1.17
	1.00	0 (SPOT_A_23_P21155)	A_23_P21155	0.00	2.66	1.29	3.31
	1.00	NUP50	A_23_P211627	0.00	1.50	0.83	2.72
	1.00	UBA3	A_23_P211840	0.00	0.51	-0.74	2.64
	1.00	0 (SPOT_A_23_P211926)	A_23_P211926	0.00	3.80	0.63	8.82
	1.00	0 (SPOT_A_23_P212360)	A_23_P212360	0.00	4.51	1.46	4.35
	1.00	HTN3	A_23_P212945	0.00	-0.05	-0.69	0.87
	1.00	0 (SPOT_A_23_P213920)	A_23_P213920	0.00	-0.08	-0.60	0.79
	1.00	COL12A1	A_23_P214168	0.00	0.04	-1.04	0.96
	1.00	MARCKS	A_23_P214222	0.00	5.08	3.17	6.22
	1.00	EXOC2	A_23_P214354	0.00	1.03	0.92	3.93
	1.00	0 (SPOT_A_23_P214803)	A_23_P214803	0.00	0.81	0.20	4.56
	1.00	0 (SPOT_A_23_P215009)	A_23_P215009	0.00	3.28	0.20	4.31
	1.00	HBP1	A_23_P215787	0.00	0.87	-0.51	1.34
	1.00	CLU	A_23_P215913	0.00	3.45	1.98	12.05
	1.00	0 (SPOT_A_23_P216043)	A_23_P216043	0.00	2.31	1.64	3.61
	1.00	RUNX1T1	A_23_P216307	0.00	0.05	-0.62	1.03
	1.00	CNGB3	A_23_P216376	0.00	-0.02	-0.44	1.00
	1.00	0 (SPOT_A_23_P216949)	A_23_P216949	0.00	0.95	-0.06	1.70
	1.00	DCAF10	A_23_P217054;A_32_P133005	0.00	0.67	0.50	1.36
	1.00	0 (SPOT_A_23_P21713)	A_23_P21713	0.00	0.04	-0.53	1.05
	1.00	TRO	A_23_P217228	0.00	2.02	0.83	4.67
	1.00	COL4A6	A_23_P217379	0.00	0.03	-0.50	1.05
	1.00	AFF2	A_23_P217468	0.00	0.07	-0.69	0.93
	1.00	GDPD2	A_23_P217498	0.00	0.05	-0.80	2.77
	1.00	0 (SPOT_A_23_P217688)	A_23_P217688	0.00	0.43	0.02	1.45
	1.00	CNP	A_23_P21838	0.00	3.88	1.21	6.83
	1.00	CEACAM6	A_23_P218442	0.00	2.50	1.24	2.89
	1.00	SERTAD1	A_23_P218463	0.00	1.80	0.89	2.84
	1.00	WFDC2	A_23_P218675;A_24_P14464	0.00	4.55	3.28	10.79
	1.00	ABI3BP	A_23_P218858	0.00	1.17	-0.33	1.31
	1.00	0 (SPOT_A_23_P219004)	A_23_P219004	0.00	-0.30	-1.88	1.21
	1.00	ABCC10	A_23_P219013	0.00	-0.17	-1.06	2.16
	1.00	0 (SPOT_A_23_P22027)	A_23_P22027	0.00	2.34	0.85	2.54
	1.00	0 (SPOT_A_23_P2262)	A_23_P2262	0.00	0.67	0.09	1.54
	1.00	0 (SPOT_A_23_P22978)	A_23_P22978	0.00	-0.57	-2.32	2.82
	1.00	IFI44	A_23_P23074	0.00	5.46	3.23	10.59
	1.00	0 (SPOT_A_23_P23341)	A_23_P23341	0.00	1.36	1.26	4.48
	1.00	SEMA4A	A_23_P23438	0.00	3.15	0.43	4.52
	1.00	SPX	A_23_P2414;A_23_P322086	0.00	2.47	0.67	2.46
	1.00	ALDH3B2	A_23_P24311	0.00	1.80	0.23	4.05
	1.00	NXPE1	A_23_P24543	0.00	0.61	-0.49	0.84
	1.00	GLYATL1B	A_23_P24688	0.00	0.06	-0.31	1.11
	1.00	GRIK2	A_23_P250136	0.00	-0.06	-0.55	0.80
	1.00	0 (SPOT_A_23_P250825)	A_23_P250825	0.00	3.24	2.11	4.23
	1.00	0 (SPOT_A_23_P25141)	A_23_P25141	0.00	3.09	1.28	3.22
	1.00	0 (SPOT_A_23_P251815)	A_23_P251815	0.00	-0.14	-0.98	0.79
	1.00	ZFYVE9	A_23_P251974	0.00	0.01	-0.52	0.92
	1.00	0 (SPOT_A_23_P252936)	A_23_P252936	0.00	2.21	1.19	4.01
	1.00	TCIM	A_23_P253350	0.00	-0.14	-0.63	0.71
	1.00	0 (SPOT_A_23_P25354)	A_23_P25354	0.00	4.10	2.45	5.44
	1.00	FAM47E-STBD1;STBD1	A_23_P254079	0.00	4.55	3.10	6.13
	1.00	0 (SPOT_A_23_P254330)	A_23_P254330	0.00	0.08	-0.65	1.00
	1.00	SNX33	A_23_P254404	0.00	0.97	0.16	2.32
	1.00	0 (SPOT_A_23_P254664)	A_23_P254664	0.00	-0.08	-0.62	0.85
	1.00	PRDM8	A_23_P255328	0.00	4.81	2.97	8.14
	1.00	0 (SPOT_A_23_P255952)	A_23_P255952	0.00	1.22	-0.52	3.01
	1.00	0 (SPOT_A_23_P25626)	A_23_P25626	0.00	1.18	-0.40	1.88
	1.00	0 (SPOT_A_23_P256425)	A_23_P256425	0.00	2.54	0.86	3.04
	1.00	APEX2	A_23_P256682	0.00	1.33	0.71	2.10
	1.00	SERPINA4	A_23_P25720	0.00	2.85	0.12	3.78
	1.00	0 (SPOT_A_23_P257881)	A_23_P257881	0.00	0.63	-0.02	2.75
	1.00	ZBP1	A_23_P259141	0.00	4.04	2.58	6.40
	1.00	0 (SPOT_A_23_P259851)	A_23_P259851	0.00	-0.11	-1.55	1.69
	1.00	SEC22A	A_23_P259874	0.00	1.22	0.52	2.89
	1.00	0 (SPOT_A_23_P26243)	A_23_P26243	0.00	0.45	-0.94	2.63
	1.00	0 (SPOT_A_23_P26878)	A_23_P26878	0.00	2.16	0.76	2.44
	1.00	0 (SPOT_A_23_P27265)	A_23_P27265	0.00	1.29	0.79	2.92
	1.00	SLC14A2	A_23_P27353	0.00	0.96	-0.15	1.27
	1.00	0 (SPOT_A_23_P27668)	A_23_P27668	0.00	1.49	0.35	3.22
	1.00	IL18RAP	A_23_P28334	0.00	4.39	1.89	5.51
	1.00	0 (SPOT_A_23_P28898)	A_23_P28898	0.00	7.28	2.35	9.19
	1.00	0 (SPOT_A_23_P29215)	A_23_P29215	0.00	0.32	-0.42	1.10
	1.00	AP1G2	A_23_P2967	0.00	1.34	0.55	4.67
	1.00	BSN	A_23_P29735	0.00	1.93	-0.45	2.11
	1.00	R3HCC1L	A_23_P301336	0.00	1.34	1.04	2.76
	1.00	0 (SPOT_A_23_P302018)	A_23_P302018	0.00	0.30	0.01	2.06
	1.00	SRD5A1	A_23_P30223	0.00	3.82	2.28	5.15
	1.00	LINC00518	A_23_P302595	0.00	0.06	-0.60	0.85
	1.00	GRIA1	A_23_P303072	0.00	-0.12	-1.57	1.88
	1.00	RPTN	A_23_P303286	0.00	0.01	-0.47	0.90
	1.00	0 (SPOT_A_23_P304000)	A_23_P304000	0.00	1.82	0.78	2.05
	1.00	0 (SPOT_A_23_P305292)	A_23_P305292	0.00	-0.04	-0.56	0.98
	1.00	0 (SPOT_A_23_P305335)	A_23_P305335	0.00	3.45	2.18	4.34
	1.00	LCP2	A_23_P30547	0.00	2.28	0.95	3.51
	1.00	WSCD2	A_23_P305914	0.00	-0.13	-0.59	0.86
	1.00	0 (SPOT_A_23_P306211)	A_23_P306211	0.00	-0.18	-0.91	0.97
	1.00	BACH2	A_23_P30634	0.00	1.75	1.04	2.64
	1.00	AMIGO3;GMPPB	A_23_P306655	0.00	1.41	0.49	2.06
	1.00	RGL4	A_23_P306941	0.00	2.19	0.89	3.49
	1.00	0 (SPOT_A_23_P307161)	A_23_P307161	0.00	0.05	-0.80	1.34
	1.00	0 (SPOT_A_23_P30848)	A_23_P30848	0.00	2.44	2.14	6.69
	1.00	MITD1	A_23_P311020	0.00	-0.22	-0.82	1.09
	1.00	JMJD6	A_23_P311616	0.00	1.86	0.57	2.39
	1.00	EDN2	A_23_P312150	0.00	-0.02	-0.87	2.34
	1.00	TEX26	A_23_P312271	0.00	0.12	-0.55	0.96
	1.00	0 (SPOT_A_23_P314024)	A_23_P314024	0.00	4.11	3.21	7.60
	1.00	0 (SPOT_A_23_P315421)	A_23_P315421	0.00	0.54	-1.55	1.46
	1.00	UMODL1	A_23_P315964	0.00	0.35	-0.84	0.75
	1.00	ODF1	A_23_P31626	0.00	-0.07	-0.58	0.77
	1.00	FAM217A	A_23_P317760	0.00	0.07	-0.64	0.94
	1.00	SQOR	A_23_P3221	0.00	3.04	0.97	5.56
	1.00	OSR1	A_23_P323272	0.00	0.05	-0.26	1.25
	1.00	0 (SPOT_A_23_P323743)	A_23_P323743	0.00	0.84	-0.71	1.23
	1.00	0 (SPOT_A_23_P325017)	A_23_P325017	0.00	3.93	2.38	4.85
	1.00	0 (SPOT_A_23_P325100)	A_23_P325100	0.00	0.06	-0.58	0.88
	1.00	0 (SPOT_A_23_P32536)	A_23_P32536	0.00	3.06	1.26	3.82
	1.00	TERB2	A_23_P325593	0.00	0.05	-0.33	0.99
	1.00	GAREM2	A_23_P325924	0.00	1.85	0.27	5.23
	1.00	L3MBTL4	A_23_P326474;A_24_P391918	0.00	1.35	0.60	2.84
	1.00	0 (SPOT_A_23_P326852)	A_23_P326852	0.00	0.70	0.06	2.28
	1.00	0 (SPOT_A_23_P327451)	A_23_P327451	0.00	0.77	-0.13	3.97
	1.00	LHX9	A_23_P327562	0.00	-0.21	-1.15	1.00
	1.00	ADGRA1	A_23_P327605	0.00	2.28	0.63	7.40
	1.00	GRID1	A_23_P32805;A_24_P941896	0.00	-0.05	-0.60	0.84
	1.00	0 (SPOT_A_23_P33173)	A_23_P33173	0.00	1.39	0.81	2.39
	1.00	0 (SPOT_A_23_P332536)	A_23_P332536	0.00	0.64	-0.12	2.34
	1.00	CHRNB4	A_23_P332789	0.00	-0.16	-1.65	1.82
	1.00	0 (SPOT_A_23_P33356)	A_23_P33356	0.00	2.71	1.25	3.68
	1.00	0 (SPOT_A_23_P333605)	A_23_P333605	0.00	-0.02	-0.59	0.78
	1.00	TMEM229B	A_23_P336239	0.00	0.00	-0.63	0.96
	1.00	ZFAND2A	A_23_P336992	0.00	1.73	0.54	2.05
	1.00	CELF3	A_23_P337849	0.00	2.45	-0.24	4.33
	1.00	TAS2R41	A_23_P337867	0.00	0.05	-0.61	1.31
	1.00	0 (SPOT_A_23_P338495)	A_23_P338495	0.00	1.07	-0.49	3.07
	1.00	0 (SPOT_A_23_P338542)	A_23_P338542	0.00	0.18	-0.16	0.94
	1.00	MAGED2	A_23_P33894	0.00	1.09	0.89	4.15
	1.00	NKAIN3	A_23_P339117	0.00	-0.05	-0.54	0.79
	1.00	RAB2A	A_23_P340251	0.00	1.77	0.53	1.72
	1.00	SELENOO	A_23_P341065	0.00	1.39	0.59	1.65
	1.00	0 (SPOT_A_23_P342489)	A_23_P342489	0.00	0.24	-0.14	0.96
	1.00	RIMS1	A_23_P342585	0.00	0.23	-0.13	0.92
	1.00	USP40	A_23_P343594	0.00	0.34	-0.63	1.44
	1.00	ASB17	A_23_P344444	0.00	-0.08	-0.56	0.76
	1.00	HDGFL3	A_23_P344451	0.00	1.41	-0.84	1.86
	1.00	STOX1	A_23_P344481	0.00	2.18	1.02	3.26
	1.00	0 (SPOT_A_23_P344673)	A_23_P344673	0.00	1.54	-0.45	2.95
	1.00	CCDC63	A_23_P345175	0.00	-0.01	-0.39	0.90
	1.00	PAK3	A_23_P346813	0.00	0.08	-0.13	0.95
	1.00	0 (SPOT_A_23_P346953)	A_23_P346953	0.00	-0.11	-0.66	0.83
	1.00	TNNT2	A_23_P34700	0.00	0.10	-2.00	4.17
	1.00	GPATCH2	A_23_P34757	0.00	0.83	0.62	1.73
	1.00	HCN3	A_23_P34827	0.00	0.76	0.59	1.53
	1.00	0 (SPOT_A_23_P349901)	A_23_P349901	0.00	-0.03	-0.58	0.96
	1.00	PRDM1	A_23_P350451	0.00	4.78	1.99	6.16
	1.00	0 (SPOT_A_23_P350658)	A_23_P350658	0.00	-0.14	-0.54	0.70
	1.00	SKIL	A_23_P351215	0.00	2.50	1.83	4.63
	1.00	0 (SPOT_A_23_P351270)	A_23_P351270	0.00	0.11	-0.68	0.93
	1.00	AMER2	A_23_P351305	0.00	-0.04	-0.44	0.84
	1.00	KLHL35	A_23_P351837	0.00	0.76	-3.59	3.27
	1.00	0 (SPOT_A_23_P351888)	A_23_P351888	0.00	-0.01	-0.58	0.50
	1.00	LINC00314	A_23_P352990	0.00	-0.08	-0.93	0.81
	1.00	MIR7-3HG;MIR7-3	A_23_P353667	0.00	4.25	-2.70	6.29
	1.00	CNTNAP4	A_23_P355405;A_24_P27513	0.00	0.46	0.12	1.60
	1.00	0 (SPOT_A_23_P35667)	A_23_P35667	0.00	0.29	-0.50	2.00
	1.00	0 (SPOT_A_23_P357717)	A_23_P357717	0.00	1.28	0.17	2.82
	1.00	NBPF15;NBPF20;NBPF11;NBPF25P;NBPF14;NBPF8;NBPF26;NBPF10;NBPF19	A_23_P359430	0.00	0.98	-0.14	2.14
	1.00	PCDHGB4;PCDHGA8	A_23_P359588	0.00	-0.65	-2.96	2.35
	1.00	0 (SPOT_A_23_P360379)	A_23_P360379	0.00	7.88	5.19	11.59
	1.00	DYDC1	A_23_P360990	0.00	0.03	-0.36	0.96
	1.00	0 (SPOT_A_23_P364580)	A_23_P364580	0.00	1.81	1.08	2.24
	1.00	TMUB2	A_23_P36647	0.00	0.79	-0.09	1.92
	1.00	TAPBPL	A_23_P36700	0.00	1.61	0.33	3.38
	1.00	PODN	A_23_P368154	0.00	0.01	-0.85	0.83
	1.00	TMEM131	A_23_P368558	0.00	1.39	0.90	2.79
	1.00	CHSY3	A_23_P368886	0.00	0.36	-0.97	1.17
	1.00	0 (SPOT_A_23_P369485)	A_23_P369485	0.00	0.02	-0.68	1.00
	1.00	0 (SPOT_A_23_P369502)	A_23_P369502	0.00	2.82	0.77	2.85
	1.00	ZIC2	A_23_P36972	0.00	0.05	-0.61	0.96
	1.00	PCDH8	A_23_P36985	0.00	-0.07	-0.55	0.79
	1.00	0 (SPOT_A_23_P369966)	A_23_P369966	0.00	1.74	-0.02	4.05
	1.00	0 (SPOT_A_23_P370054)	A_23_P370054	0.00	0.06	-0.26	1.07
	1.00	TRIM60	A_23_P371168	0.00	-0.06	-0.79	0.83
	1.00	FOXA1	A_23_P37127	0.00	0.20	-0.11	1.29
	1.00	0 (SPOT_A_23_P372496)	A_23_P372496	0.00	1.15	0.70	2.31
	1.00	S100A13	A_23_P372874	0.00	1.20	0.49	1.74
	1.00	0 (SPOT_A_23_P37296)	A_23_P37296	0.00	1.20	0.30	1.74
	1.00	0 (SPOT_A_23_P373028)	A_23_P373028	0.00	-0.01	-0.60	0.94
	1.00	0 (SPOT_A_23_P375121)	A_23_P375121	0.00	0.01	-0.55	1.29
	1.00	DUSP11	A_23_P376759	0.00	1.31	0.78	2.11
	1.00	0 (SPOT_A_23_P377115)	A_23_P377115	0.00	0.46	-0.10	1.92
	1.00	FGF10	A_23_P377750	0.00	0.02	-0.65	0.98
	1.00	STARD6	A_23_P378427	0.00	-0.06	-0.58	0.82
	1.00	MBD3L2B;MBD3L5;MBD3L4;MBD3L2;MBD3L3	A_23_P378450	0.00	0.12	-0.13	0.96
	1.00	FBXL13	A_23_P379071	0.00	-0.25	-2.49	2.74
	1.00	LZTS3	A_23_P380298	0.00	4.04	1.85	5.18
	1.00	ASXL3	A_23_P381746	0.00	-0.08	-0.75	0.87
	1.00	CCDC110	A_23_P383325	0.00	-0.04	-0.40	1.00
	1.00	NFKBID	A_23_P383422	0.00	1.06	0.33	1.14
	1.00	AARS2	A_23_P383688	0.00	1.79	1.18	5.47
	1.00	KRTAP4-4	A_23_P38603	0.00	-0.04	-0.84	0.87
	1.00	KIF12	A_23_P386356	0.00	0.12	-0.12	0.94
	1.00	0 (SPOT_A_23_P387105)	A_23_P387105	0.00	2.19	-1.57	3.53
	1.00	0 (SPOT_A_23_P387312)	A_23_P387312	0.00	0.12	-0.14	0.96
	1.00	0 (SPOT_A_23_P388762)	A_23_P388762	0.00	1.92	-0.10	3.61
	1.00	DMAP1	A_23_P388780	0.00	0.56	-0.15	2.38
	1.00	0 (SPOT_A_23_P389496)	A_23_P389496	0.00	0.04	-0.25	0.96
	1.00	TMEM74	A_23_P390139	0.00	-0.13	-0.52	0.72
	1.00	CNTN1	A_23_P390700	0.00	-0.02	-0.42	1.14
	1.00	FAM9A	A_23_P391255	0.00	-0.15	-0.81	0.71
	1.00	GLP1R	A_23_P392402	0.00	-0.02	-0.87	0.82
	1.00	0 (SPOT_A_23_P394246)	A_23_P394246	0.00	5.56	0.81	5.73
	1.00	MEX3D	A_23_P39453	0.00	0.97	0.15	2.20
	1.00	SRCAP	A_23_P394917	0.00	0.53	-1.63	2.55
	1.00	0 (SPOT_A_23_P395033)	A_23_P395033	0.00	1.98	-0.53	2.51
	1.00	ORC2	A_23_P39616	0.00	2.32	1.31	2.78
	1.00	B3GNT7	A_23_P39755	0.00	1.42	0.80	2.76
	1.00	SNRNP27	A_23_P39774	0.00	1.31	0.67	3.03
	1.00	0 (SPOT_A_23_P398254)	A_23_P398254	0.00	1.44	0.88	4.70
	1.00	IL12RB1	A_23_P399156	0.00	2.46	-0.02	2.77
	1.00	VAT1L	A_23_P400449	0.00	-0.33	-1.55	1.26
	1.00	PPFIA2	A_23_P402936	0.00	0.02	-0.46	1.57
	1.00	LAMP5	A_23_P40295	0.00	6.90	3.91	8.36
	1.00	TOX4	A_23_P404134	0.00	0.91	0.38	1.49
	1.00	FNDC1	A_23_P407840	0.00	0.92	-0.65	1.58
	1.00	LINC00477	A_23_P408175	0.00	-0.10	-0.70	0.79
	1.00	HSPA12A	A_23_P408376	0.00	4.39	2.43	6.31
	1.00	ANO4	A_23_P409093	0.00	-0.03	-0.46	0.85
	1.00	WBP2NL	A_23_P410128	0.00	0.20	-0.13	1.93
	1.00	C16ORF46	A_23_P410700	0.00	0.08	-0.13	0.97
	1.00	CHRNA10	A_23_P411188	0.00	0.36	0.02	2.46
	1.00	0 (SPOT_A_23_P411941)	A_23_P411941	0.00	-0.01	-0.48	0.86
	1.00	PDZD9	A_23_P412508	0.00	-0.01	-0.63	0.86
	1.00	CLDN12	A_23_P412515	0.00	3.27	1.75	6.26
	1.00	0 (SPOT_A_23_P413693)	A_23_P413693	0.00	0.05	-0.51	0.99
	1.00	PAX4	A_23_P414211	0.00	0.65	-0.39	2.40
	1.00	LINC01555	A_23_P414352	0.00	2.22	-0.19	7.46
	1.00	GPR26	A_23_P415541	0.00	0.12	-0.14	0.96
	1.00	0 (SPOT_A_23_P41847)	A_23_P41847	0.00	0.02	-0.61	1.02
	1.00	LRRC4B	A_23_P419503	0.00	2.68	-0.01	6.87
	1.00	BTBD11	A_23_P419714	0.00	3.41	1.24	9.84
	1.00	CCDC127	A_23_P41976	0.00	0.08	-0.76	1.41
	1.00	ADAMTS20	A_23_P420359	0.00	0.00	-0.43	0.91
	1.00	0 (SPOT_A_23_P420732)	A_23_P420732	0.00	-0.02	-0.86	0.92
	1.00	FERD3L	A_23_P422849	0.00	0.10	-0.65	2.27
	1.00	0 (SPOT_A_23_P42302)	A_23_P42302	0.00	0.84	-0.05	1.84
	1.00	LINC00305	A_23_P423462	0.00	0.06	-0.14	0.95
	1.00	0 (SPOT_A_23_P424648)	A_23_P424648	0.00	1.07	-0.78	1.54
	1.00	GIMAP5;GIMAP1-GIMAP5	A_23_P42588	0.00	3.46	2.36	5.37
	1.00	CLDN8	A_23_P427014	0.00	-0.13	-1.02	1.01
	1.00	0 (SPOT_A_23_P427083)	A_23_P427083	0.00	3.09	1.02	3.18
	1.00	0 (SPOT_A_23_P428068)	A_23_P428068	0.00	0.06	-0.60	1.03
	1.00	REXO1L1P	A_23_P428373	0.00	0.16	-0.62	1.02
	1.00	IGFBP1	A_23_P42868	0.00	-0.03	-0.38	0.97
	1.00	EXOC8	A_23_P430161	0.00	1.78	1.11	2.69
	1.00	LYSMD1	A_23_P430381	0.00	0.14	-0.59	1.01
	1.00	0 (SPOT_A_23_P431381)	A_23_P431381	0.00	1.37	0.53	1.50
	1.00	CT83	A_23_P432352	0.00	-0.13	-0.62	0.83
	1.00	FREM1	A_23_P43337	0.00	0.91	0.08	1.22
	1.00	0 (SPOT_A_23_P433504)	A_23_P433504	0.00	-0.07	-0.59	0.80
	1.00	P2RX5	A_23_P433785	0.00	4.18	1.70	4.54
	1.00	0 (SPOT_A_23_P434374)	A_23_P434374	0.00	0.06	-0.34	1.44
	1.00	0 (SPOT_A_23_P434807)	A_23_P434807	0.00	1.17	0.50	5.15
	1.00	0 (SPOT_A_23_P43940)	A_23_P43940	0.00	-0.39	-1.46	2.00
	1.00	0 (SPOT_A_23_P44894)	A_23_P44894	0.00	0.19	-0.24	0.80
	1.00	0 (SPOT_A_23_P45180)	A_23_P45180	0.00	-0.01	-0.47	0.68
	1.00	BPY2;BPY2B;BPY2C	A_23_P45598	0.00	0.04	-0.22	0.85
	1.00	COL9A2	A_23_P45786	0.00	2.97	1.56	5.92
	1.00	IFI44L	A_23_P45871	0.00	8.39	2.73	19.24
	1.00	0 (SPOT_A_23_P46660)	A_23_P46660	0.00	1.48	0.94	1.93
	1.00	RASSF7	A_23_P47116	0.00	-0.01	-3.77	2.64
	1.00	BTG4	A_23_P47322	0.00	-0.06	-0.66	1.00
	1.00	0 (SPOT_A_23_P47955)	A_23_P47955	0.00	5.26	3.65	9.61
	1.00	INSM2	A_23_P48530	0.00	0.07	-0.35	1.05
	1.00	SALL2	A_23_P48585	0.00	0.98	0.46	2.00
	1.00	TRIM69	A_23_P48826	0.00	10.04	5.19	12.48
	1.00	TMEM62	A_23_P49041	0.00	2.22	1.21	3.58
	1.00	ST6GALNAC2	A_23_P49499	0.00	3.88	0.75	4.65
	1.00	0 (SPOT_A_23_P49638)	A_23_P49638	0.00	1.60	0.59	2.09
	1.00	EFEMP1	A_23_P501007	0.00	0.06	-0.29	1.06
	1.00	DHPS	A_23_P501887	0.00	0.48	-1.01	1.50
	1.00	0 (SPOT_A_23_P502520)	A_23_P502520	0.00	2.42	0.94	3.68
	1.00	PSG1	A_23_P50697	0.00	0.05	-0.81	0.90
	1.00	RAMP1	A_23_P50946	0.00	3.51	2.24	4.67
	1.00	SCN2A	A_23_P51019	0.00	1.92	-0.05	5.38
	1.00	ZNF436	A_23_P51202	0.00	1.27	0.97	3.10
	1.00	CLCA1	A_23_P51217	0.00	-0.15	-1.10	0.91
	1.00	ARHGEF2	A_23_P51699	0.00	2.16	1.49	2.94
	1.00	VTCN1	A_23_P518	0.00	-0.08	-0.52	0.98
	1.00	ZDHHC18	A_23_P51853	0.00	1.27	0.49	1.77
	1.00	0 (SPOT_A_23_P51951)	A_23_P51951	0.00	5.48	1.73	5.35
	1.00	0 (SPOT_A_23_P52189)	A_23_P52189	0.00	0.95	0.04	1.64
	1.00	IFIT1	A_23_P52266	0.00	6.42	4.78	11.03
	1.00	0 (SPOT_A_23_P53137)	A_23_P53137	0.00	3.00	1.49	4.68
	1.00	RSRC2	A_23_P53267	0.00	1.35	0.69	3.00
	1.00	ARNTL2	A_23_P53345	0.00	3.06	0.95	4.48
	1.00	0 (SPOT_A_23_P53346)	A_23_P53346	0.00	5.45	3.06	8.08
	1.00	0 (SPOT_A_23_P53623)	A_23_P53623	0.00	2.71	0.36	3.23
	1.00	0 (SPOT_A_23_P53630)	A_23_P53630	0.00	0.38	0.34	1.32
	1.00	RPRM	A_23_P5370	0.00	0.02	-0.81	0.90
	1.00	CLSTN3	A_23_P53724	0.00	1.86	0.35	3.48
	1.00	MAB21L1	A_23_P53884	0.00	0.54	-1.06	6.08
	1.00	TP53I3	A_23_P5392	0.00	0.55	-0.97	1.80
	1.00	SNX6	A_23_P54000	0.00	3.15	0.72	2.84
	1.00	0 (SPOT_A_23_P54206)	A_23_P54206	0.00	0.05	-0.31	0.99
	1.00	TOX3	A_23_P54681	0.00	-0.00	-0.42	0.76
	1.00	0 (SPOT_A_23_P55149)	A_23_P55149	0.00	1.45	1.08	3.94
	1.00	HOXB7	A_23_P55281	0.00	-0.04	-0.55	0.83
	1.00	FLOT2	A_23_P55319;A_24_P253818	0.00	2.08	1.61	6.90
	1.00	0 (SPOT_A_23_P55448)	A_23_P55448	0.00	-0.06	-1.12	0.90
	1.00	0 (SPOT_A_23_P55738)	A_23_P55738	0.00	2.08	-0.38	5.07
	1.00	TULP2	A_23_P55961	0.00	1.52	-0.12	1.66
	1.00	0 (SPOT_A_23_P56630)	A_23_P56630	0.00	8.00	3.93	10.00
	1.00	SLC4A1AP	A_23_P56810	0.00	-0.15	-0.81	0.98
	1.00	0 (SPOT_A_23_P57089)	A_23_P57089	0.00	1.78	1.18	3.29
	1.00	RTP3	A_23_P57910	0.00	0.10	-0.49	1.04
	1.00	0 (SPOT_A_23_P58835)	A_23_P58835	0.00	0.82	0.62	3.00
	1.00	SLC35A1	A_23_P58912	0.00	1.56	0.09	2.34
	1.00	TBC1D22B	A_23_P58983	0.00	2.75	1.55	4.11
	1.00	0 (SPOT_A_23_P5934)	A_23_P5934	0.00	0.00	-0.48	0.83
	1.00	0 (SPOT_A_23_P59807)	A_23_P59807	0.00	0.16	-0.15	0.89
	1.00	0 (SPOT_A_23_P59967)	A_23_P59967	0.00	-0.17	-0.87	1.15
	1.00	DEFB126	A_23_P6045	0.00	0.06	-0.36	1.04
	1.00	C2ORF54	A_23_P60990	0.00	0.05	-0.28	1.20
	1.00	APOO	A_23_P61127	0.00	1.73	-1.31	4.47
	1.00	0 (SPOT_A_23_P61222)	A_23_P61222	0.00	-0.25	-1.33	0.91
	1.00	TIMP1	A_23_P62115	0.00	2.80	1.55	3.57
	1.00	MX2	A_23_P6263	0.00	10.23	6.69	14.55
	1.00	CCDC28B	A_23_P62764	0.00	0.37	-0.70	2.30
	1.00	SPTA1	A_23_P63158	0.00	3.20	0.75	3.27
	1.00	0 (SPOT_A_23_P63503)	A_23_P63503	0.00	1.35	0.84	2.81
	1.00	SELENOM	A_23_P6413	0.00	1.65	0.51	6.93
	1.00	FADS3	A_23_P64404	0.00	1.19	0.57	3.02
	1.00	OR6A2	A_23_P64448	0.00	0.03	-0.80	2.13
	1.00	0 (SPOT_A_23_P64539)	A_23_P64539	0.00	3.60	0.95	5.02
	1.00	HCAR3	A_23_P64721	0.00	9.00	4.63	10.93
	1.00	OAS1	A_23_P64828	0.00	5.17	2.74	7.09
	1.00	SMAGP	A_23_P64837	0.00	-0.13	-0.94	1.24
	1.00	PSME2;MIR7703	A_23_P65427	0.00	6.83	3.61	8.90
	1.00	0 (SPOT_A_23_P65890)	A_23_P65890	0.00	2.50	1.06	3.95
	1.00	ITPKA	A_23_P65918	0.00	1.28	0.55	2.86
	1.00	PRRT2	A_23_P66017	0.00	7.07	3.88	8.52
	1.00	CDC27	A_23_P66777	0.00	2.11	1.04	3.24
	1.00	KRTAP17-1	A_23_P66858	0.00	0.11	-0.20	0.92
	1.00	RGS9	A_23_P66881	0.00	1.19	0.82	1.70
	1.00	GAPDHS	A_23_P67646	0.00	-0.13	-0.56	0.87
	1.00	WDR54	A_23_P68072	0.00	0.43	-0.67	3.48
	1.00	0 (SPOT_A_23_P68452)	A_23_P68452	0.00	1.23	1.16	5.17
	1.00	TMEM115	A_23_P6869	0.00	1.05	-0.41	1.82
	1.00	0 (SPOT_A_23_P69121)	A_23_P69121	0.00	3.74	1.82	6.14
	1.00	0 (SPOT_A_23_P69368)	A_23_P69368	0.00	0.05	-0.43	0.78
	1.00	0 (SPOT_A_23_P69699)	A_23_P69699	0.00	0.17	-0.48	0.91
	1.00	0 (SPOT_A_23_P697)	A_23_P697	0.00	-0.05	-0.84	0.77
	1.00	SMOC2	A_23_P70307	0.00	-0.00	-0.78	2.29
	1.00	NMBR	A_23_P70634	0.00	0.03	-0.44	0.94
	1.00	CRYBG1	A_23_P70785	0.00	1.46	1.22	3.90
	1.00	0 (SPOT_A_23_P70813)	A_23_P70813	0.00	-0.09	-0.63	0.77
	1.00	TWIST1	A_23_P71073	0.00	0.06	-0.40	0.91
	1.00	GCC1	A_23_P71094	0.00	1.55	0.94	1.87
	1.00	0 (SPOT_A_23_P71464)	A_23_P71464	0.00	0.71	0.39	1.34
	1.00	TNFRSF11B	A_23_P71530	0.00	0.37	0.01	1.08
	1.00	0 (SPOT_A_23_P72014)	A_23_P72014	0.00	-0.01	-0.62	1.79
	1.00	ARHGAP36	A_23_P72968	0.00	0.05	-0.16	0.95
	1.00	0 (SPOT_A_23_P73135)	A_23_P73135	0.00	0.33	-1.06	2.60
	1.00	0 (SPOT_A_23_P73198)	A_23_P73198	0.00	0.09	-0.13	0.91
	1.00	0 (SPOT_A_23_P73972)	A_23_P73972	0.00	0.80	0.22	1.41
	1.00	0 (SPOT_A_23_P74215)	A_23_P74215	0.00	0.24	-0.19	1.11
	1.00	LINC00626	A_23_P74330	0.00	1.49	-0.09	1.93
	1.00	0 (SPOT_A_23_P74809)	A_23_P74809	0.00	1.22	0.63	2.56
	1.00	DYDC2	A_23_P75063	0.00	-0.10	-0.53	0.95
	1.00	TSPAN11	A_23_P76136	0.00	1.44	-0.27	2.50
	1.00	SIPA1L1	A_23_P76969	0.00	5.31	3.21	7.87
	1.00	SLC12A3	A_23_P77653	0.00	1.73	0.83	5.73
	1.00	0 (SPOT_A_23_P78392)	A_23_P78392	0.00	0.12	-0.45	1.65
	1.00	0 (SPOT_A_23_P78499)	A_23_P78499	0.00	-0.04	-0.32	0.79
	1.00	FLT3LG	A_23_P78742	0.00	2.09	1.51	2.96
	1.00	PRKD2	A_23_P78802	0.00	2.72	0.77	2.82
	1.00	0 (SPOT_A_23_P79086)	A_23_P79086	0.00	2.57	1.46	3.39
	1.00	0 (SPOT_A_23_P79272)	A_23_P79272	0.00	0.06	-0.35	1.02
	1.00	PCSK2	A_23_P79968	0.00	0.05	-0.62	0.91
	1.00	0 (SPOT_A_23_P81190)	A_23_P81190	0.00	-0.06	-0.69	1.09
	1.00	ISG15	A_23_P819	0.00	9.00	6.48	15.35
	1.00	0 (SPOT_A_23_P83514)	A_23_P83514	0.00	0.12	-0.18	0.94
	1.00	CTNNA2	A_23_P84736	0.00	0.09	-0.13	0.89
	1.00	0 (SPOT_A_23_P84791)	A_23_P84791	0.00	0.98	0.64	4.34
	1.00	0 (SPOT_A_23_P85783)	A_23_P85783	0.00	4.40	0.55	4.14
	1.00	0 (SPOT_A_23_P86421)	A_23_P86421	0.00	2.75	-0.01	4.23
	1.00	0 (SPOT_A_23_P86424)	A_23_P86424	0.00	2.68	0.22	4.36
	1.00	0 (SPOT_A_23_P86489)	A_23_P86489	0.00	-0.00	-0.50	0.89
	1.00	0 (SPOT_A_23_P8723)	A_23_P8723	0.00	0.08	-0.90	0.68
	1.00	0 (SPOT_A_23_P87346)	A_23_P87346	0.00	3.20	2.44	10.64
	1.00	0 (SPOT_A_23_P8744)	A_23_P8744	0.00	0.46	0.14	2.72
	1.00	0 (SPOT_A_23_P88228)	A_23_P88228	0.00	4.22	0.21	6.48
	1.00	RPGRIP1	A_23_P88278	0.00	0.84	-0.49	6.23
	1.00	ATL1	A_23_P88351	0.00	2.85	0.97	3.55
	1.00	OR4N4	A_23_P88643	0.00	3.58	-0.43	4.31
	1.00	TP53BP1	A_23_P88703	0.00	1.67	0.72	2.39
	1.00	CLUHP3	A_23_P89062	0.00	4.57	3.34	11.58
	1.00	0 (SPOT_A_23_P90125)	A_23_P90125	0.00	2.19	1.51	6.54
	1.00	GOT1L1	A_23_P9075	0.00	0.03	-0.52	1.05
	1.00	TTC29	A_23_P92517	0.00	0.11	-0.57	0.88
	1.00	TAAR1	A_23_P93531	0.00	-0.14	-0.97	1.50
	1.00	CNTFR	A_23_P9402	0.00	0.05	-0.67	1.02
	1.00	0 (SPOT_A_23_P94255)	A_23_P94255	0.00	6.72	5.34	14.19
	1.00	MELK	A_23_P94422	0.00	4.04	2.92	8.38
	1.00	ELAVL2	A_23_P94571	0.00	0.03	-0.28	0.94
	1.00	FPGS	A_23_P9465	0.00	2.06	1.12	2.39
	1.00	0 (SPOT_A_23_P95172)	A_23_P95172	0.00	5.23	3.16	6.27
	1.00	CASC1	A_23_P95231	0.00	-0.05	-0.69	0.71
	1.00	0 (SPOT_A_23_P95292)	A_23_P95292	0.00	2.45	0.42	2.26
	1.00	NRXN1	A_23_P95453;A_24_P942441	0.00	0.38	-0.15	1.53
	1.00	0 (SPOT_A_23_P95486)	A_23_P95486	0.00	0.01	-0.53	0.91
	1.00	0 (SPOT_A_23_P96008)	A_23_P96008	0.00	1.03	0.67	2.48
	1.00	MAGEB3	A_23_P96432	0.00	0.06	-0.64	0.96
	1.00	0 (SPOT_A_23_P96985)	A_23_P96985	0.00	0.88	-0.96	2.43
	1.00	0 (SPOT_A_23_P97274)	A_23_P97274	0.00	-0.11	-1.00	1.12
	1.00	MSRB2	A_23_P97932	0.00	0.35	0.05	1.68
	1.00	0 (SPOT_A_23_P98335)	A_23_P98335	0.00	0.09	-0.25	0.88
	1.00	BIRC3	A_23_P98350	0.00	8.39	5.89	11.89
	1.00	0 (SPOT_A_23_P993)	A_23_P993	0.00	-0.00	-0.64	1.01
	1.00	0 (SPOT_A_23_P99442)	A_23_P99442	0.00	1.87	0.57	7.06
	1.00	DYNLT3	A_24_P100368;A_24_P91852	0.00	3.55	0.36	3.43
	1.00	0 (SPOT_A_24_P100627)	A_24_P100627	0.00	0.12	-0.12	0.91
	1.00	0 (SPOT_A_24_P101561)	A_24_P101561	0.00	0.41	0.40	1.60
	1.00	IDI1	A_24_P103886	0.00	-0.26	-1.44	2.19
	1.00	GOSR2	A_24_P108242	0.00	1.68	0.70	1.93
	1.00	GPX6	A_24_P109111	0.00	0.05	-0.22	0.99
	1.00	SLC6A15	A_24_P109838;A_24_P307653	0.00	0.53	-0.58	2.61
	1.00	0 (SPOT_A_24_P111044)	A_24_P111044	0.00	0.94	-0.33	6.45
	1.00	0 (SPOT_A_24_P111096)	A_24_P111096	0.00	6.42	1.86	6.23
	1.00	0 (SPOT_A_24_P111737)	A_24_P111737	0.00	1.50	1.25	3.47
	1.00	0 (SPOT_A_24_P113341)	A_24_P113341	0.00	3.42	2.26	4.79
	1.00	0 (SPOT_A_24_P117845)	A_24_P117845	0.00	0.23	-1.01	2.33
	1.00	TPTE2	A_24_P118052	0.00	1.35	-0.43	4.74
	1.00	0 (SPOT_A_24_P118472)	A_24_P118472	0.00	0.88	-0.68	1.65
	1.00	0 (SPOT_A_24_P118892)	A_24_P118892	0.00	8.35	5.16	10.39
	1.00	0 (SPOT_A_24_P119505)	A_24_P119505	0.00	0.10	-0.17	0.94
	1.00	0 (SPOT_A_24_P119634)	A_24_P119634	0.00	0.06	-0.58	1.04
	1.00	0 (SPOT_A_24_P124558)	A_24_P124558	0.00	0.13	-0.13	0.96
	1.00	SLC17A8	A_24_P124647	0.00	-0.04	-0.50	0.81
	1.00	TXNDC2	A_24_P125434	0.00	1.84	1.45	4.18
	1.00	0 (SPOT_A_24_P127528)	A_24_P127528	0.00	-0.04	-0.62	0.75
	1.00	KCNIP2	A_24_P12998	0.00	1.18	0.10	1.75
	1.00	SLC16A12	A_24_P13024	0.00	-0.17	-1.01	0.96
	1.00	ATP13A2	A_24_P131222	0.00	-0.10	-0.82	0.70
	1.00	GIMAP8	A_24_P132383	0.00	2.28	1.64	4.18
	1.00	EPPIN	A_24_P134302	0.00	0.06	-0.68	0.96
	1.00	0 (SPOT_A_24_P134765)	A_24_P134765	0.00	1.20	-0.14	1.85
	1.00	0 (SPOT_A_24_P136365)	A_24_P136365	0.00	-0.14	-0.83	0.80
	1.00	0 (SPOT_A_24_P136653)	A_24_P136653	0.00	1.14	0.89	2.55
	1.00	0 (SPOT_A_24_P138091)	A_24_P138091	0.00	-0.11	-0.70	0.75
	1.00	0 (SPOT_A_24_P140621)	A_24_P140621	0.00	1.55	-0.51	3.93
	1.00	SYT16	A_24_P143324	0.00	0.00	-0.42	0.91
	1.00	0 (SPOT_A_24_P14393)	A_24_P14393	0.00	2.07	-0.78	3.89
	1.00	0 (SPOT_A_24_P145163)	A_24_P145163	0.00	-0.00	-0.52	0.88
	1.00	0 (SPOT_A_24_P145414)	A_24_P145414	0.00	0.10	-0.13	0.96
	1.00	0 (SPOT_A_24_P145529)	A_24_P145529	0.00	0.00	-0.58	0.97
	1.00	KCNA4	A_24_P150023	0.00	-0.06	-0.71	0.85
	1.00	JPH3	A_24_P150791	0.00	2.93	0.96	3.42
	1.00	0 (SPOT_A_24_P152345)	A_24_P152345	0.00	1.03	-0.77	2.98
	1.00	0 (SPOT_A_24_P152649)	A_24_P152649	0.00	2.42	0.85	5.29
	1.00	IGHV3-74	A_24_P15388	0.00	0.78	0.42	1.47
	1.00	ASB7	A_24_P155791;A_24_P920979	0.00	1.24	0.96	2.45
	1.00	0 (SPOT_A_24_P156295)	A_24_P156295	0.00	1.12	-1.73	3.95
	1.00	0 (SPOT_A_24_P156734)	A_24_P156734	0.00	0.38	-0.67	1.80
	1.00	0 (SPOT_A_24_P157415)	A_24_P157415	0.00	0.56	0.15	1.77
	1.00	0 (SPOT_A_24_P15743)	A_24_P15743	0.00	-0.04	-0.51	1.01
	1.00	0 (SPOT_A_24_P158161)	A_24_P158161	0.00	3.09	-0.10	6.45
	1.00	0 (SPOT_A_24_P159515)	A_24_P159515	0.00	2.78	0.71	3.27
	1.00	0 (SPOT_A_24_P15980)	A_24_P15980	0.00	0.05	-0.24	1.07
	1.00	ZNF843	A_24_P161144	0.00	0.32	-2.75	1.87
	1.00	0 (SPOT_A_24_P161184)	A_24_P161184	0.00	-0.02	-0.36	0.93
	1.00	0 (SPOT_A_24_P161827)	A_24_P161827	0.00	1.03	0.38	1.23
	1.00	0 (SPOT_A_24_P161933)	A_24_P161933	0.00	1.86	1.74	6.57
	1.00	0 (SPOT_A_24_P162145)	A_24_P162145	0.00	0.08	-0.14	0.97
	1.00	0 (SPOT_A_24_P162172)	A_24_P162172	0.00	1.12	0.56	2.11
	1.00	0 (SPOT_A_24_P162190)	A_24_P162190	0.00	-0.07	-0.56	0.97
	1.00	0 (SPOT_A_24_P162393)	A_24_P162393	0.00	-0.08	-0.72	0.83
	1.00	0 (SPOT_A_24_P162483)	A_24_P162483	0.00	0.10	-0.67	0.83
	1.00	0 (SPOT_A_24_P164337)	A_24_P164337	0.00	1.11	-0.47	4.38
	1.00	LGALS16	A_24_P164664	0.00	0.06	-0.13	0.91
	1.00	0 (SPOT_A_24_P16470)	A_24_P16470	0.00	0.05	-0.29	1.12
	1.00	0 (SPOT_A_24_P16660)	A_24_P16660	0.00	-0.16	-0.83	0.69
	1.00	0 (SPOT_A_24_P167059)	A_24_P167059	0.00	2.67	0.69	2.82
	1.00	0 (SPOT_A_24_P169337)	A_24_P169337	0.00	3.47	-0.10	4.57
	1.00	ZNF160	A_24_P16950;A_24_P241792	0.00	0.83	0.76	2.68
	1.00	0 (SPOT_A_24_P169524)	A_24_P169524	0.00	0.08	-0.67	0.91
	1.00	0 (SPOT_A_24_P169713)	A_24_P169713	0.00	1.46	0.52	2.79
	1.00	0 (SPOT_A_24_P170584)	A_24_P170584	0.00	1.64	0.18	2.68
	1.00	0 (SPOT_A_24_P170970)	A_24_P170970	0.00	-0.01	-0.57	1.60
	1.00	0 (SPOT_A_24_P171075)	A_24_P171075	0.00	8.36	2.73	8.40
	1.00	ZNF613	A_24_P173234	0.00	0.69	0.29	1.61
	1.00	0 (SPOT_A_24_P175519)	A_24_P175519	0.00	6.25	1.35	10.03
	1.00	MARS	A_24_P175909	0.00	0.69	0.41	1.57
	1.00	0 (SPOT_A_24_P177932)	A_24_P177932	0.00	0.61	-3.66	3.00
	1.00	UNC93B8;UNC93B7	A_24_P178963	0.00	3.41	0.84	3.70
	1.00	0 (SPOT_A_24_P179203)	A_24_P179203	0.00	-0.04	-0.57	0.89
	1.00	TPM1-AS	A_24_P179244	0.00	-0.07	-0.47	0.82
	1.00	0 (SPOT_A_24_P179679)	A_24_P179679	0.00	0.01	-0.50	0.80
	1.00	0 (SPOT_A_24_P180151)	A_24_P180151	0.00	0.00	-0.66	1.01
	1.00	0 (SPOT_A_24_P180886)	A_24_P180886	0.00	0.06	-0.22	1.04
	1.00	AMELY	A_24_P182254	0.00	0.58	-0.13	1.81
	1.00	0 (SPOT_A_24_P185624)	A_24_P185624	0.00	1.52	1.03	4.08
	1.00	DPY19L2P2	A_24_P186608	0.00	-0.09	-2.67	2.48
	1.00	NOSIP	A_24_P194017	0.00	1.06	0.48	2.11
	1.00	CCDC134	A_24_P194420	0.00	3.02	1.63	3.89
	1.00	0 (SPOT_A_24_P194661)	A_24_P194661	0.00	1.96	-0.31	2.22
	1.00	NCBP2L	A_24_P195134	0.00	-0.13	-0.79	0.75
	1.00	0 (SPOT_A_24_P196175)	A_24_P196175	0.00	0.42	-0.81	1.09
	1.00	0 (SPOT_A_24_P196298)	A_24_P196298	0.00	1.24	0.22	2.10
	1.00	TOE1	A_24_P19828	0.00	0.86	0.38	1.83
	1.00	0 (SPOT_A_24_P20139)	A_24_P20139	0.00	5.04	2.35	7.26
	1.00	ARCN1	A_24_P201531	0.00	0.90	0.53	1.21
	1.00	AQP4	A_24_P202522	0.00	-0.02	-0.46	0.84
	1.00	0 (SPOT_A_24_P20327)	A_24_P20327	0.00	-0.12	-0.62	0.71
	1.00	0 (SPOT_A_24_P203442)	A_24_P203442	0.00	-0.01	-1.12	1.15
	1.00	FAM13C	A_24_P205252	0.00	-0.10	-0.77	0.66
	1.00	0 (SPOT_A_24_P20607)	A_24_P20607	0.00	9.12	-0.87	12.38
	1.00	ZNF143	A_24_P206736	0.00	0.28	-0.11	1.07
	1.00	0 (SPOT_A_24_P20954)	A_24_P20954	0.00	0.03	-0.52	0.89
	1.00	SCG3	A_24_P210569	0.00	5.40	3.31	8.21
	1.00	0 (SPOT_A_24_P212086)	A_24_P212086	0.00	0.09	-1.07	0.87
	1.00	0 (SPOT_A_24_P212297)	A_24_P212297	0.00	-0.07	-0.60	0.96
	1.00	ZNF259P1	A_24_P213206	0.00	2.87	1.85	4.32
	1.00	0 (SPOT_A_24_P213277)	A_24_P213277	0.00	0.69	-1.47	3.49
	1.00	0 (SPOT_A_24_P214184)	A_24_P214184	0.00	-0.04	-0.45	0.83
	1.00	SPAG6	A_24_P21507	0.00	0.08	-0.50	1.09
	1.00	CLEC14A	A_24_P215653	0.00	2.55	0.41	4.75
	1.00	HIST1H2AK	A_24_P217848	0.00	0.54	-0.49	3.93
	1.00	0 (SPOT_A_24_P218620)	A_24_P218620	0.00	-0.09	-0.64	0.75
	1.00	STPG2	A_24_P220822	0.00	0.09	-0.13	0.97
	1.00	0 (SPOT_A_24_P220984)	A_24_P220984	0.00	3.17	1.14	3.48
	1.00	0 (SPOT_A_24_P221551)	A_24_P221551	0.00	2.43	-0.48	3.42
	1.00	0 (SPOT_A_24_P222397)	A_24_P222397	0.00	0.06	-0.66	1.03
	1.00	0 (SPOT_A_24_P224684)	A_24_P224684	0.00	-0.10	-0.70	0.77
	1.00	IL21R	A_24_P227927	0.00	1.26	-3.28	2.88
	1.00	CCL3L3;CCL3L1	A_24_P228130	0.00	2.36	1.28	3.14
	1.00	0 (SPOT_A_24_P229426)	A_24_P229426	0.00	0.06	-0.23	1.03
	1.00	0 (SPOT_A_24_P229726)	A_24_P229726	0.00	3.10	2.10	4.56
	1.00	ADAM5	A_24_P230026	0.00	0.20	-0.26	1.98
	1.00	RNF212	A_24_P230540	0.00	0.48	0.03	2.70
	1.00	0 (SPOT_A_24_P230576)	A_24_P230576	0.00	0.01	-0.63	0.77
	1.00	0 (SPOT_A_24_P231361)	A_24_P231361	0.00	-0.05	-0.70	0.92
	1.00	0 (SPOT_A_24_P232158)	A_24_P232158	0.00	-0.15	-0.60	0.60
	1.00	0 (SPOT_A_24_P232809)	A_24_P232809	0.00	0.24	-0.20	1.45
	1.00	0 (SPOT_A_24_P234391)	A_24_P234391	0.00	0.05	-0.26	0.78
	1.00	0 (SPOT_A_24_P237896)	A_24_P237896	0.00	0.00	-0.85	0.96
	1.00	0 (SPOT_A_24_P238412)	A_24_P238412	0.00	0.02	-0.51	1.04
	1.00	0 (SPOT_A_24_P239538)	A_24_P239538	0.00	2.86	-0.40	5.75
	1.00	0 (SPOT_A_24_P240137)	A_24_P240137	0.00	1.33	0.80	2.37
	1.00	IGHV3-66	A_24_P24053	0.00	0.36	-0.29	1.91
	1.00	ADAM22	A_24_P243741	0.00	2.78	-0.79	5.16
	1.00	0 (SPOT_A_24_P24570)	A_24_P24570	0.00	0.10	-0.13	0.97
	1.00	KRTAP13-4	A_24_P246107	0.00	2.42	0.74	2.28
	1.00	SAXO2	A_24_P247026	0.00	-0.07	-0.71	0.86
	1.00	0 (SPOT_A_24_P247205)	A_24_P247205	0.00	-0.05	-0.70	0.94
	1.00	0 (SPOT_A_24_P247738)	A_24_P247738	0.00	-0.03	-0.31	0.83
	1.00	0 (SPOT_A_24_P247774)	A_24_P247774	0.00	0.16	-1.33	0.92
	1.00	0 (SPOT_A_24_P247879)	A_24_P247879	0.00	1.03	0.68	2.16
	1.00	0 (SPOT_A_24_P249072)	A_24_P249072	0.00	2.62	0.52	4.30
	1.00	WFDC13	A_24_P250507	0.00	-0.18	-0.87	0.80
	1.00	0 (SPOT_A_24_P251233)	A_24_P251233	0.00	-0.16	-0.59	0.57
	1.00	0 (SPOT_A_24_P252823)	A_24_P252823	0.00	0.04	-0.58	1.81
	1.00	0 (SPOT_A_24_P25498)	A_24_P25498	0.00	0.00	-0.40	1.14
	1.00	RAMP2-AS1	A_24_P255233	0.00	-0.04	-0.65	1.55
	1.00	0 (SPOT_A_24_P256817)	A_24_P256817	0.00	0.49	-0.22	1.63
	1.00	BHMT	A_24_P257511	0.00	2.20	-1.22	3.06
	1.00	0 (SPOT_A_24_P259083)	A_24_P259083	0.00	0.97	-1.67	2.65
	1.00	0 (SPOT_A_24_P260122)	A_24_P260122	0.00	0.23	-0.83	2.13
	1.00	SEMA4D	A_24_P261169	0.00	2.49	1.93	5.93
	1.00	0 (SPOT_A_24_P263983)	A_24_P263983	0.00	2.01	-0.02	3.16
	1.00	0 (SPOT_A_24_P264004)	A_24_P264004	0.00	2.48	1.57	3.29
	1.00	0 (SPOT_A_24_P265376)	A_24_P265376	0.00	2.84	-0.11	5.05
	1.00	0 (SPOT_A_24_P267523)	A_24_P267523	0.00	0.98	0.44	4.92
	1.00	0 (SPOT_A_24_P268323)	A_24_P268323	0.00	0.00	-0.44	0.87
	1.00	CLVS1	A_24_P269551	0.00	-0.06	-0.57	0.83
	1.00	0 (SPOT_A_24_P269853)	A_24_P269853	0.00	1.85	0.28	3.37
	1.00	LINC00670	A_24_P271830	0.00	0.04	-0.68	1.03
	1.00	0 (SPOT_A_24_P272798)	A_24_P272798	0.00	-0.11	-0.69	0.67
	1.00	0 (SPOT_A_24_P273603)	A_24_P273603	0.00	-0.03	-0.62	1.54
	1.00	0 (SPOT_A_24_P273694)	A_24_P273694	0.00	-0.08	-0.67	0.89
	1.00	STAT1	A_24_P274270	0.00	5.75	2.48	10.57
	1.00	GTF2H2C_2;GTF2H2;GTF2H2B;GTF2H2C	A_24_P274640	0.00	1.07	-0.14	1.18
	1.00	GIMAP7	A_24_P274831	0.00	3.86	2.57	5.16
	1.00	0 (SPOT_A_24_P274987)	A_24_P274987	0.00	1.65	1.04	4.52
	1.00	0 (SPOT_A_24_P277211)	A_24_P277211	0.00	1.23	-0.33	3.15
	1.00	0 (SPOT_A_24_P278375)	A_24_P278375	0.00	0.19	-1.99	5.23
	1.00	0 (SPOT_A_24_P279263)	A_24_P279263	0.00	0.77	0.20	2.50
	1.00	0 (SPOT_A_24_P282031)	A_24_P282031	0.00	2.15	1.18	2.74
	1.00	0 (SPOT_A_24_P28208)	A_24_P28208	0.00	0.26	-0.43	1.26
	1.00	0 (SPOT_A_24_P282454)	A_24_P282454	0.00	-0.13	-0.62	0.71
	1.00	0 (SPOT_A_24_P282464)	A_24_P282464	0.00	0.01	-0.51	1.02
	1.00	CFHR4	A_24_P282547	0.00	0.03	-0.58	1.00
	1.00	PSMB2	A_24_P284893	0.00	1.41	0.72	3.13
	1.00	PCDH11Y;PCDH11X	A_24_P285055	0.00	0.12	-1.29	0.84
	1.00	RSAD2	A_24_P28722	0.00	9.23	8.16	26.58
	1.00	0 (SPOT_A_24_P287272)	A_24_P287272	0.00	0.74	-0.04	2.23
	1.00	ABCC12	A_24_P287766	0.00	0.25	-0.13	0.96
	1.00	DACT2	A_24_P289260	0.00	0.13	-0.17	0.97
	1.00	0 (SPOT_A_24_P29703)	A_24_P29703	0.00	1.97	1.23	4.09
	1.00	0 (SPOT_A_24_P298409)	A_24_P298409	0.00	3.63	1.94	4.41
	1.00	0 (SPOT_A_24_P299108)	A_24_P299108	0.00	0.11	-1.29	0.92
	1.00	0 (SPOT_A_24_P299178)	A_24_P299178	0.00	0.01	-1.40	1.16
	1.00	GRAPL	A_24_P299355	0.00	-0.00	-1.60	2.68
	1.00	0 (SPOT_A_24_P299590)	A_24_P299590	0.00	-0.14	-0.63	0.72
	1.00	PKD2L2	A_24_P300253	0.00	0.02	-0.45	0.93
	1.00	0 (SPOT_A_24_P302172)	A_24_P302172	0.00	-0.04	-0.69	0.89
	1.00	MICALL2	A_24_P303524	0.00	1.08	-0.41	2.20
	1.00	0 (SPOT_A_24_P305938)	A_24_P305938	0.00	2.06	0.90	2.24
	1.00	0 (SPOT_A_24_P307126)	A_24_P307126	0.00	3.73	1.99	5.08
	1.00	0 (SPOT_A_24_P307580)	A_24_P307580	0.00	0.09	-0.60	1.44
	1.00	0 (SPOT_A_24_P307674)	A_24_P307674	0.00	1.65	0.29	2.60
	1.00	GFER	A_24_P31003	0.00	1.21	0.41	1.82
	1.00	PAGE1	A_24_P314337	0.00	-0.08	-0.59	0.77
	1.00	LINC00303	A_24_P314583	0.00	-0.04	-0.47	1.01
	1.00	0 (SPOT_A_24_P316506)	A_24_P316506	0.00	-0.05	-0.46	1.12
	1.00	0 (SPOT_A_24_P318160)	A_24_P318160	0.00	-0.02	-0.35	0.86
	1.00	0 (SPOT_A_24_P318319)	A_24_P318319	0.00	2.17	1.22	3.13
	1.00	0 (SPOT_A_24_P319892)	A_24_P319892	0.00	0.09	-0.61	0.87
	1.00	0 (SPOT_A_24_P321093)	A_24_P321093	0.00	2.37	0.77	3.50
	1.00	0 (SPOT_A_24_P324074)	A_24_P324074	0.00	0.23	-2.14	2.36
	1.00	0 (SPOT_A_24_P324733)	A_24_P324733	0.00	0.33	-0.29	0.80
	1.00	RARB	A_24_P3249	0.00	-0.13	-0.49	0.68
	1.00	0 (SPOT_A_24_P325215)	A_24_P325215	0.00	0.11	-0.43	1.67
	1.00	0 (SPOT_A_24_P325264)	A_24_P325264	0.00	-0.02	-0.47	1.01
	1.00	SLC22A17	A_24_P330385	0.00	2.14	0.28	2.31
	1.00	0 (SPOT_A_24_P33048)	A_24_P33048	0.00	1.96	0.84	2.58
	1.00	0 (SPOT_A_24_P33309)	A_24_P33309	0.00	0.37	-0.65	1.34
	1.00	0 (SPOT_A_24_P333191)	A_24_P333191	0.00	0.06	-0.23	1.06
	1.00	0 (SPOT_A_24_P333383)	A_24_P333383	0.00	1.26	0.01	2.54
	1.00	0 (SPOT_A_24_P33341)	A_24_P33341	0.00	0.92	-0.37	1.77
	1.00	0 (SPOT_A_24_P334300)	A_24_P334300	0.00	-0.04	-0.52	0.89
	1.00	OAS3	A_24_P335305	0.00	7.24	3.83	9.00
	1.00	0 (SPOT_A_24_P337388)	A_24_P337388	0.00	0.21	-0.22	1.28
	1.00	0 (SPOT_A_24_P337671)	A_24_P337671	0.00	-0.04	-0.68	0.89
	1.00	0 (SPOT_A_24_P340891)	A_24_P340891	0.00	0.49	0.07	2.85
	1.00	SERPINA13P	A_24_P341116	0.00	0.11	-0.14	0.97
	1.00	0 (SPOT_A_24_P34168)	A_24_P34168	0.00	0.01	-0.66	0.97
	1.00	SLC16A14	A_24_P342829	0.00	0.10	-1.47	2.17
	1.00	0 (SPOT_A_24_P345123)	A_24_P345123	0.00	5.25	1.79	5.61
	1.00	0 (SPOT_A_24_P345336)	A_24_P345336	0.00	1.02	0.33	2.48
	1.00	FAM214B	A_24_P346762	0.00	1.04	-0.63	1.29
	1.00	0 (SPOT_A_24_P34865)	A_24_P34865	0.00	3.38	0.33	3.22
	1.00	0 (SPOT_A_24_P349145)	A_24_P349145	0.00	-0.09	-0.72	0.80
	1.00	0 (SPOT_A_24_P349264)	A_24_P349264	0.00	0.13	-0.12	0.90
	1.00	0 (SPOT_A_24_P349547)	A_24_P349547	0.00	3.12	1.70	3.76
	1.00	SLC1A2	A_24_P350759	0.00	12.21	5.47	13.43
	1.00	0 (SPOT_A_24_P350941)	A_24_P350941	0.00	0.06	-0.40	1.00
	1.00	0 (SPOT_A_24_P35109)	A_24_P35109	0.00	1.10	-0.41	1.70
	1.00	CIP2A	A_24_P351466	0.00	-0.09	-0.69	1.54
	1.00	0 (SPOT_A_24_P353412)	A_24_P353412	0.00	2.02	-0.23	2.29
	1.00	0 (SPOT_A_24_P353486)	A_24_P353486	0.00	0.06	-0.81	2.31
	1.00	0 (SPOT_A_24_P353740)	A_24_P353740	0.00	2.25	1.17	3.75
	1.00	RIC3	A_24_P35537	0.00	2.56	0.44	2.80
	1.00	KRTAP13-3	A_24_P357386	0.00	0.04	-0.18	0.92
	1.00	0 (SPOT_A_24_P357963)	A_24_P357963	0.00	0.05	-0.17	1.04
	1.00	0 (SPOT_A_24_P358063)	A_24_P358063	0.00	-0.06	-0.54	0.80
	1.00	0 (SPOT_A_24_P358474)	A_24_P358474	0.00	1.17	0.28	1.28
	1.00	0 (SPOT_A_24_P358857)	A_24_P358857	0.00	1.67	-0.13	4.85
	1.00	0 (SPOT_A_24_P363134)	A_24_P363134	0.00	4.12	-0.16	5.97
	1.00	HEY2	A_24_P363408	0.00	0.09	-0.49	1.01
	1.00	DSEL	A_24_P365180	0.00	-0.07	-0.93	1.23
	1.00	FOXA2	A_24_P365515	0.00	3.02	0.07	3.22
	1.00	0 (SPOT_A_24_P367432)	A_24_P367432	0.00	1.08	0.94	3.34
	1.00	0 (SPOT_A_24_P367965)	A_24_P367965	0.00	0.05	-0.59	1.03
	1.00	0 (SPOT_A_24_P370096)	A_24_P370096	0.00	2.77	1.79	4.10
	1.00	0 (SPOT_A_24_P37319)	A_24_P37319	0.00	2.44	1.39	3.05
	1.00	EFCAB13	A_24_P374445	0.00	-0.02	-0.56	1.01
	1.00	ZNF804B	A_24_P374461	0.00	-0.02	-0.49	0.84
	1.00	0 (SPOT_A_24_P374532)	A_24_P374532	0.00	0.76	-2.79	3.19
	1.00	0 (SPOT_A_24_P376029)	A_24_P376029	0.00	0.12	-0.12	0.95
	1.00	0 (SPOT_A_24_P376516)	A_24_P376516	0.00	0.01	-0.56	0.99
	1.00	KRTAP13-1	A_24_P383019	0.00	0.27	-0.07	1.18
	1.00	0 (SPOT_A_24_P383267)	A_24_P383267	0.00	2.02	-1.42	4.75
	1.00	0 (SPOT_A_24_P383440)	A_24_P383440	0.00	4.54	-0.20	4.79
	1.00	0 (SPOT_A_24_P383769)	A_24_P383769	0.00	1.05	0.16	2.23
	1.00	0 (SPOT_A_24_P383788)	A_24_P383788	0.00	1.17	-0.10	3.53
	1.00	0 (SPOT_A_24_P384210)	A_24_P384210	0.00	0.01	-1.57	1.46
	1.00	0 (SPOT_A_24_P390172)	A_24_P390172	0.00	1.50	-0.12	3.94
	1.00	0 (SPOT_A_24_P391731)	A_24_P391731	0.00	0.49	0.01	3.19
	1.00	0 (SPOT_A_24_P393312)	A_24_P393312	0.00	0.15	-0.15	0.92
	1.00	0 (SPOT_A_24_P393496)	A_24_P393496	0.00	1.27	-3.22	3.50
	1.00	0 (SPOT_A_24_P393582)	A_24_P393582	0.00	-0.09	-0.47	0.77
	1.00	0 (SPOT_A_24_P394510)	A_24_P394510	0.00	2.88	1.58	4.98
	1.00	0 (SPOT_A_24_P39484)	A_24_P39484	0.00	0.69	0.20	1.67
	1.00	0 (SPOT_A_24_P400027)	A_24_P400027	0.00	-0.03	-0.61	0.90
	1.00	MORN5	A_24_P401491	0.00	2.08	0.53	2.01
	1.00	0 (SPOT_A_24_P401582)	A_24_P401582	0.00	1.24	-0.87	2.64
	1.00	0 (SPOT_A_24_P401894)	A_24_P401894	0.00	0.61	-0.99	5.22
	1.00	0 (SPOT_A_24_P402078)	A_24_P402078	0.00	-0.04	-0.52	1.01
	1.00	0 (SPOT_A_24_P402261)	A_24_P402261	0.00	2.55	0.70	5.94
	1.00	SOX21	A_24_P407259	0.00	2.43	0.42	3.43
	1.00	0 (SPOT_A_24_P407742)	A_24_P407742	0.00	0.47	-2.39	1.57
	1.00	OR10A2	A_24_P409230	0.00	2.85	1.87	6.00
	1.00	0 (SPOT_A_24_P40995)	A_24_P40995	0.00	2.89	0.58	5.19
	1.00	PLN	A_24_P414803	0.00	1.30	-1.40	2.21
	1.00	0 (SPOT_A_24_P415618)	A_24_P415618	0.00	-0.09	-2.79	3.34
	1.00	SFMBT2	A_24_P417460	0.00	0.77	-0.16	2.59
	1.00	0 (SPOT_A_24_P4387)	A_24_P4387	0.00	1.85	0.46	2.16
	1.00	ZNF663P	A_24_P44992	0.00	0.04	-0.57	0.93
	1.00	0 (SPOT_A_24_P452896)	A_24_P452896	0.00	-0.07	-0.72	0.87
	1.00	SURF1	A_24_P453544	0.00	0.28	-0.27	1.06
	1.00	0 (SPOT_A_24_P456043)	A_24_P456043	0.00	2.72	0.80	3.17
	1.00	0 (SPOT_A_24_P456353)	A_24_P456353	0.00	-0.10	-0.67	0.75
	1.00	0 (SPOT_A_24_P457164)	A_24_P457164	0.00	0.06	-0.41	1.03
	1.00	0 (SPOT_A_24_P460887)	A_24_P460887	0.00	0.01	-1.17	0.94
	1.00	0 (SPOT_A_24_P463517)	A_24_P463517	0.00	0.06	-0.13	0.94
	1.00	FUT9	A_24_P463891	0.00	0.01	-0.24	0.88
	1.00	0 (SPOT_A_24_P464798)	A_24_P464798	0.00	1.26	0.76	2.56
	1.00	0 (SPOT_A_24_P468950)	A_24_P468950	0.00	-0.03	-0.62	0.99
	1.00	0 (SPOT_A_24_P471012)	A_24_P471012	0.00	0.04	-0.52	1.04
	1.00	0 (SPOT_A_24_P473972)	A_24_P473972	0.00	-0.03	-0.83	1.01
	1.00	0 (SPOT_A_24_P478350)	A_24_P478350	0.00	0.06	-0.41	1.01
	1.00	0 (SPOT_A_24_P479167)	A_24_P479167	0.00	0.37	-0.77	2.16
	1.00	0 (SPOT_A_24_P479682)	A_24_P479682	0.00	0.05	-0.60	1.08
	1.00	0 (SPOT_A_24_P482592)	A_24_P482592	0.00	-0.08	-0.63	0.85
	1.00	0 (SPOT_A_24_P483922)	A_24_P483922	0.00	-0.04	-0.62	0.99
	1.00	0 (SPOT_A_24_P484904)	A_24_P484904	0.00	2.43	1.59	6.63
	1.00	0 (SPOT_A_24_P487399)	A_24_P487399	0.00	0.20	-0.38	0.95
	1.00	0 (SPOT_A_24_P488202)	A_24_P488202	0.00	-0.05	-0.61	0.87
	1.00	0 (SPOT_A_24_P488510)	A_24_P488510	0.00	2.88	-1.12	3.88
	1.00	0 (SPOT_A_24_P48983)	A_24_P48983	0.00	0.54	-0.34	1.09
	1.00	0 (SPOT_A_24_P490647)	A_24_P490647	0.00	0.03	-0.49	1.16
	1.00	0 (SPOT_A_24_P494440)	A_24_P494440	0.00	-0.07	-0.56	0.78
	1.00	0 (SPOT_A_24_P494600)	A_24_P494600	0.00	0.45	-0.92	1.58
	1.00	GRXCR1	A_24_P495367	0.00	-0.01	-0.61	1.01
	1.00	SOX9-AS1	A_24_P497464	0.00	-0.10	-0.53	0.95
	1.00	0 (SPOT_A_24_P503729)	A_24_P503729	0.00	-0.08	-0.60	0.76
	1.00	0 (SPOT_A_24_P504050)	A_24_P504050	0.00	1.91	1.02	2.87
	1.00	0 (SPOT_A_24_P506893)	A_24_P506893	0.00	-0.10	-0.66	0.75
	1.00	0 (SPOT_A_24_P509306)	A_24_P509306	0.00	1.96	-1.02	4.29
	1.00	0 (SPOT_A_24_P510116)	A_24_P510116	0.00	0.89	-1.37	5.63
	1.00	0 (SPOT_A_24_P51271)	A_24_P51271	0.00	0.08	-0.66	2.60
	1.00	0 (SPOT_A_24_P516594)	A_24_P516594	0.00	0.20	-1.05	0.92
	1.00	RGPD4-AS1	A_24_P519651	0.00	-0.04	-0.93	1.54
	1.00	0 (SPOT_A_24_P521002)	A_24_P521002	0.00	0.16	-0.83	0.92
	1.00	0 (SPOT_A_24_P522678)	A_24_P522678	0.00	2.40	0.59	2.80
	1.00	0 (SPOT_A_24_P523061)	A_24_P523061	0.00	1.11	0.65	2.00
	1.00	0 (SPOT_A_24_P523242)	A_24_P523242	0.00	0.05	-0.68	1.02
	1.00	0 (SPOT_A_24_P523345)	A_24_P523345	0.00	0.07	-0.62	1.04
	1.00	0 (SPOT_A_24_P524164)	A_24_P524164	0.00	0.04	-0.78	2.77
	1.00	0 (SPOT_A_24_P527274)	A_24_P527274	0.00	3.72	0.34	4.72
	1.00	0 (SPOT_A_24_P52801)	A_24_P52801	0.00	0.28	0.14	1.27
	1.00	0 (SPOT_A_24_P538495)	A_24_P538495	0.00	0.05	-0.17	0.93
	1.00	0 (SPOT_A_24_P538543)	A_24_P538543	0.00	0.00	-0.51	1.00
	1.00	0 (SPOT_A_24_P541482)	A_24_P541482	0.00	0.66	-0.46	1.45
	1.00	0 (SPOT_A_24_P542489)	A_24_P542489	0.00	0.08	-0.13	0.90
	1.00	0 (SPOT_A_24_P554882)	A_24_P554882	0.00	0.04	-0.74	0.74
	1.00	0 (SPOT_A_24_P556503)	A_24_P556503	0.00	1.01	-1.31	1.54
	1.00	XAF1	A_24_P557479	0.00	5.95	4.43	12.01
	1.00	0 (SPOT_A_24_P558147)	A_24_P558147	0.00	-0.00	-0.71	0.99
	1.00	0 (SPOT_A_24_P563656)	A_24_P563656	0.00	0.06	-0.68	1.00
	1.00	0 (SPOT_A_24_P565626)	A_24_P565626	0.00	-0.09	-0.64	0.71
	1.00	0 (SPOT_A_24_P576650)	A_24_P576650	0.00	0.05	-0.63	0.98
	1.00	ARHGAP28	A_24_P579356	0.00	0.05	-0.42	1.80
	1.00	0 (SPOT_A_24_P579439)	A_24_P579439	0.00	0.46	0.38	1.71
	1.00	0 (SPOT_A_24_P58233)	A_24_P58233	0.00	0.36	-0.84	4.70
	1.00	0 (SPOT_A_24_P582889)	A_24_P582889	0.00	-0.09	-0.52	0.76
	1.00	0 (SPOT_A_24_P585659)	A_24_P585659	0.00	0.06	-0.27	1.03
	1.00	0 (SPOT_A_24_P587621)	A_24_P587621	0.00	0.00	-0.28	0.87
	1.00	LINC01677	A_24_P589855	0.00	-0.02	-0.49	1.05
	1.00	0 (SPOT_A_24_P59506)	A_24_P59506	0.00	-0.31	-3.02	2.61
	1.00	RNF216P1	A_24_P598406	0.00	0.63	0.30	2.57
	1.00	0 (SPOT_A_24_P604851)	A_24_P604851	0.00	0.36	-0.25	1.63
	1.00	0 (SPOT_A_24_P604989)	A_24_P604989	0.00	0.10	-1.39	0.97
	1.00	0 (SPOT_A_24_P606083)	A_24_P606083	0.00	0.01	-0.57	1.02
	1.00	0 (SPOT_A_24_P617046)	A_24_P617046	0.00	0.35	-0.62	4.52
	1.00	0 (SPOT_A_24_P617427)	A_24_P617427	0.00	-0.13	-0.67	0.74
	1.00	0 (SPOT_A_24_P624263)	A_24_P624263	0.00	0.56	-1.97	1.98
	1.00	0 (SPOT_A_24_P624522)	A_24_P624522	0.00	-0.01	-0.54	0.87
	1.00	EPM2AIP1	A_24_P627984	0.00	0.53	-0.70	3.37
	1.00	0 (SPOT_A_24_P630994)	A_24_P630994	0.00	-0.14	-0.58	0.75
	1.00	0 (SPOT_A_24_P63178)	A_24_P63178	0.00	0.07	-0.13	0.93
	1.00	0 (SPOT_A_24_P632846)	A_24_P632846	0.00	0.01	-0.51	0.98
	1.00	0 (SPOT_A_24_P634126)	A_24_P634126	0.00	0.06	-0.62	1.03
	1.00	0 (SPOT_A_24_P636089)	A_24_P636089	0.00	0.10	-0.17	0.89
	1.00	0 (SPOT_A_24_P636301)	A_24_P636301	0.00	-0.04	-0.53	0.87
	1.00	C1ORF122	A_24_P637982	0.00	2.68	1.51	5.36
	1.00	0 (SPOT_A_24_P63827)	A_24_P63827	0.00	3.23	1.39	3.73
	1.00	0 (SPOT_A_24_P64036)	A_24_P64036	0.00	0.08	-0.13	0.97
	1.00	0 (SPOT_A_24_P645311)	A_24_P645311	0.00	0.63	-1.06	1.08
	1.00	0 (SPOT_A_24_P651789)	A_24_P651789	0.00	0.02	-0.35	1.31
	1.00	0 (SPOT_A_24_P658856)	A_24_P658856	0.00	-0.10	-0.70	0.82
	1.00	TMEM132B	A_24_P6626;A_32_P153812	0.00	-0.23	-1.11	1.08
	1.00	0 (SPOT_A_24_P664468)	A_24_P664468	0.00	0.04	-0.57	0.88
	1.00	0 (SPOT_A_24_P664624)	A_24_P664624	0.00	-0.16	-0.60	0.73
	1.00	0 (SPOT_A_24_P665105)	A_24_P665105	0.00	0.02	-0.50	0.90
	1.00	0 (SPOT_A_24_P670942)	A_24_P670942	0.00	1.88	-0.09	3.17
	1.00	0 (SPOT_A_24_P673119)	A_24_P673119	0.00	0.07	-0.67	2.02
	1.00	0 (SPOT_A_24_P67432)	A_24_P67432	0.00	0.55	-0.77	2.54
	1.00	0 (SPOT_A_24_P67638)	A_24_P67638	0.00	0.91	0.10	2.08
	1.00	0 (SPOT_A_24_P677823)	A_24_P677823	0.00	-0.03	-0.38	0.82
	1.00	0 (SPOT_A_24_P679984)	A_24_P679984	0.00	1.56	0.52	3.16
	1.00	0 (SPOT_A_24_P68031)	A_24_P68031	0.00	-0.13	-0.65	0.78
	1.00	0 (SPOT_A_24_P680908)	A_24_P680908	0.00	-0.02	-0.66	0.91
	1.00	0 (SPOT_A_24_P681301)	A_24_P681301	0.00	0.70	0.57	2.62
	1.00	FAM225A	A_24_P687326	0.00	1.88	-0.71	4.28
	1.00	0 (SPOT_A_24_P689842)	A_24_P689842	0.00	-0.08	-0.68	0.88
	1.00	0 (SPOT_A_24_P703042)	A_24_P703042	0.00	-0.01	-1.57	1.18
	1.00	0 (SPOT_A_24_P706236)	A_24_P706236	0.00	-0.01	-0.79	0.93
	1.00	TRAV34	A_24_P706327	0.00	0.02	-0.69	0.80
	1.00	0 (SPOT_A_24_P713267)	A_24_P713267	0.00	0.20	-0.42	1.37
	1.00	0 (SPOT_A_24_P715826)	A_24_P715826	0.00	-0.05	-0.54	0.85
	1.00	0 (SPOT_A_24_P718973)	A_24_P718973	0.00	1.64	1.41	4.15
	1.00	A1BG-AS1	A_24_P721699	0.00	0.29	-0.94	2.93
	1.00	0 (SPOT_A_24_P722248)	A_24_P722248	0.00	0.21	-0.13	0.96
	1.00	0 (SPOT_A_24_P730256)	A_24_P730256	0.00	0.28	-0.66	1.03
	1.00	0 (SPOT_A_24_P735072)	A_24_P735072	0.00	0.86	0.24	1.92
	1.00	0 (SPOT_A_24_P737660)	A_24_P737660	0.00	-0.06	-0.59	0.83
	1.00	0 (SPOT_A_24_P73769)	A_24_P73769	0.00	0.11	-0.23	0.91
	1.00	0 (SPOT_A_24_P740932)	A_24_P740932	0.00	-0.01	-0.41	0.95
	1.00	0 (SPOT_A_24_P746650)	A_24_P746650	0.00	0.10	-0.13	0.95
	1.00	0 (SPOT_A_24_P749374)	A_24_P749374	0.00	1.36	-0.19	3.80
	1.00	0 (SPOT_A_24_P7507)	A_24_P7507	0.00	0.05	-0.80	1.04
	1.00	0 (SPOT_A_24_P750992)	A_24_P750992	0.00	0.06	-0.27	1.05
	1.00	0 (SPOT_A_24_P751327)	A_24_P751327	0.00	0.05	-0.60	0.91
	1.00	0 (SPOT_A_24_P753110)	A_24_P753110	0.00	2.36	1.27	5.79
	1.00	0 (SPOT_A_24_P755984)	A_24_P755984	0.00	0.05	-0.25	1.26
	1.00	0 (SPOT_A_24_P7570)	A_24_P7570	0.00	-0.07	-0.39	0.79
	1.00	DIO3OS	A_24_P759584	0.00	-0.03	-0.38	0.81
	1.00	LINC00635	A_24_P759822	0.00	-0.11	-0.76	0.74
	1.00	ARIH2OS	A_24_P76018	0.00	2.78	1.44	3.14
	1.00	0 (SPOT_A_24_P762409)	A_24_P762409	0.00	0.05	-0.84	0.78
	1.00	0 (SPOT_A_24_P765294)	A_24_P765294	0.00	0.00	-0.45	0.89
	1.00	0 (SPOT_A_24_P76558)	A_24_P76558	0.00	0.01	-0.80	0.99
	1.00	0 (SPOT_A_24_P76666)	A_24_P76666	0.00	1.69	0.67	2.27
	1.00	0 (SPOT_A_24_P766854)	A_24_P766854	0.00	0.22	-1.21	0.89
	1.00	0 (SPOT_A_24_P76694)	A_24_P76694	0.00	0.01	-0.49	0.85
	1.00	0 (SPOT_A_24_P76757)	A_24_P76757	0.00	-0.06	-0.58	1.09
	1.00	0 (SPOT_A_24_P76981)	A_24_P76981	0.00	0.06	-0.57	1.03
	1.00	0 (SPOT_A_24_P775812)	A_24_P775812	0.00	0.02	-0.55	1.01
	1.00	0 (SPOT_A_24_P777918)	A_24_P777918	0.00	1.46	-0.20	2.47
	1.00	0 (SPOT_A_24_P787680)	A_24_P787680	0.00	-0.09	-0.72	0.82
	1.00	0 (SPOT_A_24_P791862)	A_24_P791862	0.00	-0.10	-0.65	1.30
	1.00	0 (SPOT_A_24_P791913)	A_24_P791913	0.00	0.23	-1.19	0.80
	1.00	0 (SPOT_A_24_P794024)	A_24_P794024	0.00	-0.08	-0.69	0.68
	1.00	0 (SPOT_A_24_P804951)	A_24_P804951	0.00	0.08	-0.50	2.05
	1.00	0 (SPOT_A_24_P807301)	A_24_P807301	0.00	2.41	-0.20	2.61
	1.00	0 (SPOT_A_24_P808838)	A_24_P808838	0.00	1.29	0.54	4.50
	1.00	0 (SPOT_A_24_P809638)	A_24_P809638	0.00	-0.13	-0.80	0.79
	1.00	ANO9	A_24_P8109	0.00	1.55	1.56	6.10
	1.00	0 (SPOT_A_24_P814096)	A_24_P814096	0.00	1.16	0.07	1.85
	1.00	0 (SPOT_A_24_P815062)	A_24_P815062	0.00	0.60	-0.94	2.43
	1.00	0 (SPOT_A_24_P818005)	A_24_P818005	0.00	0.74	0.03	2.00
	1.00	0 (SPOT_A_24_P820372)	A_24_P820372	0.00	3.08	1.96	3.93
	1.00	0 (SPOT_A_24_P823033)	A_24_P823033	0.00	0.06	-0.64	1.03
	1.00	POTEI;POTEJ;POTEE;POTEKP;POTEF	A_24_P825874	0.00	0.93	-0.99	6.47
	1.00	SUPT3H	A_24_P827	0.00	5.77	3.23	6.90
	1.00	0 (SPOT_A_24_P829882)	A_24_P829882	0.00	1.06	-0.71	1.41
	1.00	0 (SPOT_A_24_P830817)	A_24_P830817	0.00	0.08	-0.66	1.01
	1.00	0 (SPOT_A_24_P831925)	A_24_P831925	0.00	0.05	-0.15	0.95
	1.00	0 (SPOT_A_24_P838261)	A_24_P838261	0.00	0.09	-0.13	0.92
	1.00	0 (SPOT_A_24_P842536)	A_24_P842536	0.00	0.02	-0.48	0.94
	1.00	0 (SPOT_A_24_P84608)	A_24_P84608	0.00	2.23	0.27	2.76
	1.00	0 (SPOT_A_24_P84738)	A_24_P84738	0.00	0.81	-0.43	3.42
	1.00	0 (SPOT_A_24_P848345)	A_24_P848345	0.00	0.18	-0.29	0.89
	1.00	PSMC1P4	A_24_P84873	0.00	0.52	-0.49	1.02
	1.00	0 (SPOT_A_24_P8524)	A_24_P8524	0.00	0.01	-0.22	0.80
	1.00	0 (SPOT_A_24_P853302)	A_24_P853302	0.00	0.37	-1.17	1.38
	1.00	0 (SPOT_A_24_P853366)	A_24_P853366	0.00	2.07	0.18	3.09
	1.00	0 (SPOT_A_24_P85375)	A_24_P85375	0.00	0.04	-0.65	2.47
	1.00	0 (SPOT_A_24_P85391)	A_24_P85391	0.00	1.06	0.72	3.84
	1.00	0 (SPOT_A_24_P854556)	A_24_P854556	0.00	2.36	-1.39	3.99
	1.00	0 (SPOT_A_24_P857669)	A_24_P857669	0.00	0.08	-0.72	2.99
	1.00	0 (SPOT_A_24_P867868)	A_24_P867868	0.00	1.03	-0.06	2.05
	1.00	0 (SPOT_A_24_P870509)	A_24_P870509	0.00	0.02	-0.66	1.00
	1.00	0 (SPOT_A_24_P870779)	A_24_P870779	0.00	0.06	-0.66	0.92
	1.00	0 (SPOT_A_24_P871687)	A_24_P871687	0.00	-0.19	-1.56	1.03
	1.00	0 (SPOT_A_24_P8721)	A_24_P8721	0.00	2.56	1.42	5.26
	1.00	0 (SPOT_A_24_P873291)	A_24_P873291	0.00	0.00	-0.77	1.93
	1.00	0 (SPOT_A_24_P876152)	A_24_P876152	0.00	0.10	-0.13	0.90
	1.00	0 (SPOT_A_24_P877789)	A_24_P877789	0.00	0.07	-0.71	0.89
	1.00	0 (SPOT_A_24_P887239)	A_24_P887239	0.00	-0.11	-0.55	0.78
	1.00	0 (SPOT_A_24_P889419)	A_24_P889419	0.00	1.46	-0.66	2.26
	1.00	0 (SPOT_A_24_P889720)	A_24_P889720	0.00	0.40	-0.19	1.62
	1.00	0 (SPOT_A_24_P892367)	A_24_P892367	0.00	-0.01	-0.42	0.95
	1.00	0 (SPOT_A_24_P892542)	A_24_P892542	0.00	-0.07	-0.61	0.77
	1.00	0 (SPOT_A_24_P902338)	A_24_P902338	0.00	-0.20	-1.08	0.97
	1.00	0 (SPOT_A_24_P910724)	A_24_P910724	0.00	3.28	-0.30	4.82
	1.00	0 (SPOT_A_24_P911147)	A_24_P911147	0.00	0.00	-0.63	1.02
	1.00	0 (SPOT_A_24_P911644)	A_24_P911644	0.00	0.10	-0.17	0.85
	1.00	0 (SPOT_A_24_P911746)	A_24_P911746	0.00	0.10	-0.13	1.13
	1.00	0 (SPOT_A_24_P911788)	A_24_P911788	0.00	2.48	0.65	9.58
	1.00	PCDH17	A_24_P911906	0.00	0.06	-0.37	1.01
	1.00	0 (SPOT_A_24_P912186)	A_24_P912186	0.00	0.07	-0.62	0.93
	1.00	0 (SPOT_A_24_P912706)	A_24_P912706	0.00	0.09	-1.12	3.48
	1.00	0 (SPOT_A_24_P913819)	A_24_P913819	0.00	-0.09	-0.67	1.13
	1.00	0 (SPOT_A_24_P914362)	A_24_P914362	0.00	-0.06	-0.56	0.78
	1.00	MARK2	A_24_P914495	0.00	1.22	0.66	5.64
	1.00	BEND4	A_24_P914625	0.00	1.94	-1.38	6.07
	1.00	0 (SPOT_A_24_P914638)	A_24_P914638	0.00	-0.05	-0.50	0.80
	1.00	0 (SPOT_A_24_P914669)	A_24_P914669	0.00	2.00	-0.47	4.24
	1.00	0 (SPOT_A_24_P914797)	A_24_P914797	0.00	0.04	-0.23	1.10
	1.00	0 (SPOT_A_24_P915095)	A_24_P915095	0.00	3.28	1.91	7.80
	1.00	0 (SPOT_A_24_P915107)	A_24_P915107	0.00	-0.14	-0.98	0.90
	1.00	0 (SPOT_A_24_P915276)	A_24_P915276	0.00	-0.02	-0.49	0.84
	1.00	0 (SPOT_A_24_P915443)	A_24_P915443	0.00	0.04	-0.58	0.94
	1.00	0 (SPOT_A_24_P915591)	A_24_P915591	0.00	-0.02	-0.48	0.84
	1.00	0 (SPOT_A_24_P915734)	A_24_P915734	0.00	0.06	-0.13	0.94
	1.00	0 (SPOT_A_24_P915846)	A_24_P915846	0.00	0.13	-0.16	0.91
	1.00	0 (SPOT_A_24_P916004)	A_24_P916004	0.00	0.09	-0.21	0.90
	1.00	0 (SPOT_A_24_P916746)	A_24_P916746	0.00	0.07	-0.68	1.01
	1.00	0 (SPOT_A_24_P916965)	A_24_P916965	0.00	-0.11	-0.67	0.62
	1.00	0 (SPOT_A_24_P917001)	A_24_P917001	0.00	0.07	-0.13	0.94
	1.00	0 (SPOT_A_24_P917154)	A_24_P917154	0.00	-0.12	-0.65	0.72
	1.00	0 (SPOT_A_24_P917290)	A_24_P917290	0.00	0.15	-0.15	0.93
	1.00	0 (SPOT_A_24_P917544)	A_24_P917544	0.00	-0.03	-0.64	0.79
	1.00	MUC5AC	A_24_P917886	0.00	1.55	0.80	2.46
	1.00	0 (SPOT_A_24_P918007)	A_24_P918007	0.00	-0.00	-0.49	0.88
	1.00	0 (SPOT_A_24_P918364)	A_24_P918364	0.00	2.57	-0.70	3.74
	1.00	0 (SPOT_A_24_P918458)	A_24_P918458	0.00	-0.04	-0.80	0.86
	1.00	0 (SPOT_A_24_P918552)	A_24_P918552	0.00	0.07	-0.68	2.74
	1.00	0 (SPOT_A_24_P918782)	A_24_P918782	0.00	-0.13	-0.64	1.24
	1.00	0 (SPOT_A_24_P918830)	A_24_P918830	0.00	0.97	-0.44	4.43
	1.00	0 (SPOT_A_24_P919008)	A_24_P919008	0.00	-0.02	-0.59	0.93
	1.00	0 (SPOT_A_24_P919265)	A_24_P919265	0.00	-0.01	-0.49	0.91
	1.00	0 (SPOT_A_24_P919388)	A_24_P919388	0.00	-0.14	-0.63	0.79
	1.00	0 (SPOT_A_24_P919567)	A_24_P919567	0.00	1.44	0.03	5.67
	1.00	0 (SPOT_A_24_P919717)	A_24_P919717	0.00	0.52	-0.20	2.57
	1.00	0 (SPOT_A_24_P919750)	A_24_P919750	0.00	0.71	-0.10	1.94
	1.00	0 (SPOT_A_24_P919863)	A_24_P919863	0.00	0.06	-0.29	1.04
	1.00	0 (SPOT_A_24_P920271)	A_24_P920271	0.00	3.42	-0.07	5.62
	1.00	0 (SPOT_A_24_P920344)	A_24_P920344	0.00	-0.18	-1.54	1.58
	1.00	0 (SPOT_A_24_P920573)	A_24_P920573	0.00	-0.01	-0.52	0.95
	1.00	0 (SPOT_A_24_P920664)	A_24_P920664	0.00	2.09	1.59	3.65
	1.00	0 (SPOT_A_24_P920699)	A_24_P920699	0.00	-0.06	-0.54	0.79
	1.00	0 (SPOT_A_24_P921285)	A_24_P921285	0.00	0.11	-0.18	0.93
	1.00	PWAR5;SNORD64;SNORD108	A_24_P921610	0.00	-0.12	-0.60	0.88
	1.00	0 (SPOT_A_24_P921991)	A_24_P921991	0.00	-0.06	-0.63	1.29
	1.00	0 (SPOT_A_24_P922139)	A_24_P922139	0.00	-0.01	-0.29	0.88
	1.00	0 (SPOT_A_24_P922208)	A_24_P922208	0.00	0.05	-0.58	1.04
	1.00	0 (SPOT_A_24_P922314)	A_24_P922314	0.00	0.13	-0.14	0.95
	1.00	0 (SPOT_A_24_P922528)	A_24_P922528	0.00	-0.04	-0.65	0.75
	1.00	0 (SPOT_A_24_P922732)	A_24_P922732	0.00	0.07	-0.13	0.94
	1.00	0 (SPOT_A_24_P922758)	A_24_P922758	0.00	3.48	1.97	5.28
	1.00	0 (SPOT_A_24_P923439)	A_24_P923439	0.00	0.08	-0.48	0.97
	1.00	0 (SPOT_A_24_P923704)	A_24_P923704	0.00	1.93	1.07	2.38
	1.00	0 (SPOT_A_24_P92381)	A_24_P92381	0.00	0.20	-0.13	0.94
	1.00	0 (SPOT_A_24_P923822)	A_24_P923822	0.00	0.39	-0.78	1.19
	1.00	0 (SPOT_A_24_P923884)	A_24_P923884	0.00	0.88	-0.15	3.93
	1.00	0 (SPOT_A_24_P923984)	A_24_P923984	0.00	0.07	-0.16	0.98
	1.00	0 (SPOT_A_24_P924230)	A_24_P924230	0.00	0.05	-0.21	0.89
	1.00	0 (SPOT_A_24_P924247)	A_24_P924247	0.00	-0.17	-1.31	0.89
	1.00	0 (SPOT_A_24_P924301)	A_24_P924301	0.00	-0.02	-0.71	0.96
	1.00	0 (SPOT_A_24_P924494)	A_24_P924494	0.00	3.88	0.45	6.52
	1.00	0 (SPOT_A_24_P924552)	A_24_P924552	0.00	2.15	-0.71	3.21
	1.00	0 (SPOT_A_24_P924720)	A_24_P924720	0.00	0.13	-0.12	1.06
	1.00	0 (SPOT_A_24_P924783)	A_24_P924783	0.00	-0.03	-0.63	0.89
	1.00	0 (SPOT_A_24_P924791)	A_24_P924791	0.00	0.25	-0.13	1.26
	1.00	0 (SPOT_A_24_P924890)	A_24_P924890	0.00	-0.07	-0.49	0.78
	1.00	0 (SPOT_A_24_P924908)	A_24_P924908	0.00	-0.07	-0.71	0.89
	1.00	0 (SPOT_A_24_P924979)	A_24_P924979	0.00	0.07	-0.68	0.92
	1.00	0 (SPOT_A_24_P925471)	A_24_P925471	0.00	0.05	-0.39	0.97
	1.00	0 (SPOT_A_24_P926044)	A_24_P926044	0.00	0.05	-0.24	0.98
	1.00	0 (SPOT_A_24_P926284)	A_24_P926284	0.00	0.05	-0.62	0.94
	1.00	0 (SPOT_A_24_P926337)	A_24_P926337	0.00	-0.08	-0.65	0.65
	1.00	0 (SPOT_A_24_P926580)	A_24_P926580	0.00	2.00	0.21	3.15
	1.00	0 (SPOT_A_24_P927553)	A_24_P927553	0.00	3.68	1.35	3.65
	1.00	0 (SPOT_A_24_P927756)	A_24_P927756	0.00	0.50	-0.76	4.78
	1.00	0 (SPOT_A_24_P927902)	A_24_P927902	0.00	0.09	-0.62	0.81
	1.00	0 (SPOT_A_24_P928112)	A_24_P928112	0.00	-0.16	-1.10	2.35
	1.00	0 (SPOT_A_24_P928133)	A_24_P928133	0.00	0.05	-0.61	0.91
	1.00	0 (SPOT_A_24_P928333)	A_24_P928333	0.00	1.02	0.89	3.79
	1.00	0 (SPOT_A_24_P928582)	A_24_P928582	0.00	0.11	-0.17	1.04
	1.00	0 (SPOT_A_24_P928862)	A_24_P928862	0.00	-0.14	-0.81	1.15
	1.00	0 (SPOT_A_24_P929407)	A_24_P929407	0.00	-0.12	-0.70	0.66
	1.00	LINC01121	A_24_P929565	0.00	-0.01	-0.52	0.87
	1.00	0 (SPOT_A_24_P929856)	A_24_P929856	0.00	1.46	-0.19	2.30
	1.00	0 (SPOT_A_24_P929909)	A_24_P929909	0.00	0.06	-0.60	1.04
	1.00	0 (SPOT_A_24_P930317)	A_24_P930317	0.00	0.09	-0.16	0.95
	1.00	0 (SPOT_A_24_P930717)	A_24_P930717	0.00	-0.14	-0.59	0.70
	1.00	0 (SPOT_A_24_P930842)	A_24_P930842	0.00	0.09	-0.13	1.11
	1.00	0 (SPOT_A_24_P93111)	A_24_P93111	0.00	0.47	-0.97	1.09
	1.00	0 (SPOT_A_24_P931533)	A_24_P931533	0.00	-0.07	-0.61	1.29
	1.00	0 (SPOT_A_24_P931713)	A_24_P931713	0.00	-0.05	-0.44	1.01
	1.00	0 (SPOT_A_24_P931788)	A_24_P931788	0.00	-0.17	-0.74	0.62
	1.00	0 (SPOT_A_24_P931817)	A_24_P931817	0.00	-0.25	-2.25	2.34
	1.00	0 (SPOT_A_24_P932125)	A_24_P932125	0.00	-0.07	-0.72	0.86
	1.00	0 (SPOT_A_24_P932646)	A_24_P932646	0.00	0.15	-0.11	0.94
	1.00	0 (SPOT_A_24_P932810)	A_24_P932810	0.00	0.33	-0.11	1.09
	1.00	0 (SPOT_A_24_P932973)	A_24_P932973	0.00	0.05	-0.23	1.03
	1.00	0 (SPOT_A_24_P933043)	A_24_P933043	0.00	1.10	-0.73	8.62
	1.00	0 (SPOT_A_24_P933138)	A_24_P933138	0.00	0.20	-0.41	1.31
	1.00	0 (SPOT_A_24_P933249)	A_24_P933249	0.00	-0.05	-0.79	0.84
	1.00	0 (SPOT_A_24_P933278)	A_24_P933278	0.00	-0.01	-0.45	0.77
	1.00	0 (SPOT_A_24_P933927)	A_24_P933927	0.00	2.07	-0.82	4.19
	1.00	0 (SPOT_A_24_P933984)	A_24_P933984	0.00	-0.14	-0.61	0.83
	1.00	0 (SPOT_A_24_P934497)	A_24_P934497	0.00	0.02	-0.81	1.03
	1.00	0 (SPOT_A_24_P935159)	A_24_P935159	0.00	-0.10	-0.66	0.87
	1.00	0 (SPOT_A_24_P935203)	A_24_P935203	0.00	4.02	-0.78	6.07
	1.00	0 (SPOT_A_24_P935300)	A_24_P935300	0.00	-0.08	-0.47	0.77
	1.00	0 (SPOT_A_24_P935575)	A_24_P935575	0.00	0.05	-0.58	0.95
	1.00	0 (SPOT_A_24_P935677)	A_24_P935677	0.00	-0.22	-1.48	0.96
	1.00	0 (SPOT_A_24_P935755)	A_24_P935755	0.00	0.16	-0.17	0.92
	1.00	0 (SPOT_A_24_P936067)	A_24_P936067	0.00	0.11	-0.16	0.95
	1.00	0 (SPOT_A_24_P936327)	A_24_P936327	0.00	0.16	-0.15	0.85
	1.00	0 (SPOT_A_24_P936947)	A_24_P936947	0.00	-0.04	-0.66	1.99
	1.00	0 (SPOT_A_24_P936988)	A_24_P936988	0.00	0.03	-2.11	3.46
	1.00	0 (SPOT_A_24_P937070)	A_24_P937070	0.00	-0.03	-0.63	0.99
	1.00	0 (SPOT_A_24_P937256)	A_24_P937256	0.00	4.68	1.56	5.99
	1.00	0 (SPOT_A_24_P93728)	A_24_P93728	0.00	4.62	1.87	6.11
	1.00	0 (SPOT_A_24_P937952)	A_24_P937952	0.00	0.09	-0.67	1.11
	1.00	0 (SPOT_A_24_P938433)	A_24_P938433	0.00	0.23	-0.13	0.91
	1.00	0 (SPOT_A_24_P938452)	A_24_P938452	0.00	-0.11	-0.73	0.75
	1.00	0 (SPOT_A_24_P940441)	A_24_P940441	0.00	0.58	-2.42	4.42
	1.00	0 (SPOT_A_24_P940633)	A_24_P940633	0.00	0.06	-0.13	0.93
	1.00	0 (SPOT_A_24_P941185)	A_24_P941185	0.00	-0.01	-0.65	1.01
	1.00	0 (SPOT_A_24_P941384)	A_24_P941384	0.00	-0.08	-0.55	1.12
	1.00	0 (SPOT_A_24_P941540)	A_24_P941540	0.00	2.17	-0.42	2.47
	1.00	0 (SPOT_A_24_P941736)	A_24_P941736	0.00	0.03	-0.51	1.03
	1.00	0 (SPOT_A_24_P943026)	A_24_P943026	0.00	2.63	-0.08	4.03
	1.00	0 (SPOT_A_24_P944336)	A_24_P944336	0.00	0.18	-0.46	2.17
	1.00	0 (SPOT_A_24_P944402)	A_24_P944402	0.00	0.08	-0.17	0.94
	1.00	0 (SPOT_A_24_P944490)	A_24_P944490	0.00	-0.14	-0.98	0.77
	1.00	NECAB1	A_24_P944756	0.00	0.16	-0.22	0.90
	1.00	0 (SPOT_A_24_P944833)	A_24_P944833	0.00	0.08	-0.73	1.00
	1.00	0 (SPOT_A_24_P945375)	A_24_P945375	0.00	0.84	-0.51	5.73
	1.00	KRIT1	A_24_P98161	0.00	0.12	-1.57	1.22
	1.00	0 (SPOT_A_32_P101917)	A_32_P101917	0.00	0.08	-0.10	0.99
	1.00	0 (SPOT_A_32_P102604)	A_32_P102604	0.00	0.49	-0.10	4.11
	1.00	0 (SPOT_A_32_P103220)	A_32_P103220	0.00	0.09	-0.13	0.95
	1.00	0 (SPOT_A_32_P104772)	A_32_P104772	0.00	0.10	-0.13	0.97
	1.00	0 (SPOT_A_32_P105311)	A_32_P105311	0.00	1.14	0.29	2.40
	1.00	0 (SPOT_A_32_P107734)	A_32_P107734	0.00	-0.04	-0.49	0.81
	1.00	0 (SPOT_A_32_P108066)	A_32_P108066	0.00	0.90	-1.48	2.76
	1.00	0 (SPOT_A_32_P108170)	A_32_P108170	0.00	0.01	-0.62	0.98
	1.00	0 (SPOT_A_32_P108544)	A_32_P108544	0.00	4.53	2.62	6.91
	1.00	0 (SPOT_A_32_P108655)	A_32_P108655	0.00	5.77	3.69	10.91
	1.00	PMP2	A_32_P108870	0.00	-0.06	-0.58	0.79
	1.00	ETDB;ETDA	A_32_P110655	0.00	-0.13	-0.95	0.75
	1.00	0 (SPOT_A_32_P110699)	A_32_P110699	0.00	0.57	-0.52	3.94
	1.00	0 (SPOT_A_32_P111098)	A_32_P111098	0.00	0.02	-1.56	5.69
	1.00	0 (SPOT_A_32_P111476)	A_32_P111476	0.00	1.18	0.27	3.07
	1.00	CHST9	A_32_P111639	0.00	0.06	-0.32	1.07
	1.00	0 (SPOT_A_32_P113845)	A_32_P113845	0.00	0.06	-0.60	0.93
	1.00	0 (SPOT_A_32_P114117)	A_32_P114117	0.00	1.25	-0.34	4.33
	1.00	0 (SPOT_A_32_P114502)	A_32_P114502	0.00	-0.03	-0.56	0.89
	1.00	0 (SPOT_A_32_P1166)	A_32_P1166	0.00	0.15	-0.80	1.30
	1.00	CTAGE9	A_32_P116840	0.00	0.92	0.20	2.18
	1.00	0 (SPOT_A_32_P116997)	A_32_P116997	0.00	0.49	-0.41	3.01
	1.00	0 (SPOT_A_32_P11723)	A_32_P11723	0.00	1.44	0.98	2.01
	1.00	0 (SPOT_A_32_P117273)	A_32_P117273	0.00	-0.02	-0.50	0.85
	1.00	0 (SPOT_A_32_P117804)	A_32_P117804	0.00	-0.04	-0.68	0.88
	1.00	0 (SPOT_A_32_P11863)	A_32_P11863	0.00	-0.06	-0.51	1.00
	1.00	C12ORF65	A_32_P11894	0.00	0.18	-1.02	1.54
	1.00	0 (SPOT_A_32_P119018)	A_32_P119018	0.00	0.73	-1.40	2.35
	1.00	HCN1	A_32_P123143	0.00	0.24	-0.13	0.97
	1.00	0 (SPOT_A_32_P124238)	A_32_P124238	0.00	-0.10	-0.66	0.74
	1.00	0 (SPOT_A_32_P126079)	A_32_P126079	0.00	3.40	0.23	3.50
	1.00	LINC00461;MIR9-2	A_32_P127350	0.00	0.05	-1.36	1.24
	1.00	0 (SPOT_A_32_P128368)	A_32_P128368	0.00	1.80	-0.58	2.91
	1.00	0 (SPOT_A_32_P129018)	A_32_P129018	0.00	0.02	-0.82	0.88
	1.00	0 (SPOT_A_32_P129200)	A_32_P129200	0.00	0.05	-0.60	0.98
	1.00	0 (SPOT_A_32_P129406)	A_32_P129406	0.00	-0.12	-0.66	0.79
	1.00	0 (SPOT_A_32_P129660)	A_32_P129660	0.00	3.75	2.29	5.61
	1.00	0 (SPOT_A_32_P130872)	A_32_P130872	0.00	0.39	-0.62	0.93
	1.00	0 (SPOT_A_32_P130915)	A_32_P130915	0.00	0.06	-0.28	1.04
	1.00	0 (SPOT_A_32_P132477)	A_32_P132477	0.00	3.49	0.28	3.73
	1.00	ZYG11A	A_32_P132589	0.00	-0.01	-0.66	1.00
	1.00	0 (SPOT_A_32_P132796)	A_32_P132796	0.00	0.10	-0.49	0.64
	1.00	C12ORF42	A_32_P133767	0.00	1.96	-0.04	3.96
	1.00	0 (SPOT_A_32_P133926)	A_32_P133926	0.00	-0.39	-3.07	2.51
	1.00	0 (SPOT_A_32_P134764)	A_32_P134764	0.00	-0.05	-0.51	0.81
	1.00	0 (SPOT_A_32_P134974)	A_32_P134974	0.00	0.90	0.27	3.29
	1.00	0 (SPOT_A_32_P135749)	A_32_P135749	0.00	-0.01	-0.89	2.23
	1.00	0 (SPOT_A_32_P136033)	A_32_P136033	0.00	2.84	1.38	3.18
	1.00	0 (SPOT_A_32_P136622)	A_32_P136622	0.00	2.45	0.12	3.37
	1.00	0 (SPOT_A_32_P137819)	A_32_P137819	0.00	2.24	1.13	4.60
	1.00	0 (SPOT_A_32_P139021)	A_32_P139021	0.00	1.60	1.01	2.54
	1.00	0 (SPOT_A_32_P139302)	A_32_P139302	0.00	1.12	-0.88	3.53
	1.00	0 (SPOT_A_32_P139551)	A_32_P139551	0.00	0.17	-0.16	0.87
	1.00	0 (SPOT_A_32_P139842)	A_32_P139842	0.00	0.10	-0.22	0.90
	1.00	0 (SPOT_A_32_P140262)	A_32_P140262	0.00	1.11	0.59	2.73
	1.00	0 (SPOT_A_32_P140521)	A_32_P140521	0.00	0.09	-0.64	2.91
	1.00	0 (SPOT_A_32_P142160)	A_32_P142160	0.00	2.99	2.61	9.75
	1.00	0 (SPOT_A_32_P14253)	A_32_P14253	0.00	0.04	-0.56	1.04
	1.00	0 (SPOT_A_32_P143389)	A_32_P143389	0.00	-0.14	-0.64	0.77
	1.00	0 (SPOT_A_32_P143793)	A_32_P143793	0.00	0.01	-0.54	1.00
	1.00	0 (SPOT_A_32_P145039)	A_32_P145039	0.00	1.53	0.33	2.61
	1.00	0 (SPOT_A_32_P146475)	A_32_P146475	0.00	0.06	-0.59	1.04
	1.00	0 (SPOT_A_32_P146485)	A_32_P146485	0.00	0.80	-1.17	2.06
	1.00	0 (SPOT_A_32_P146597)	A_32_P146597	0.00	-0.10	-0.55	0.94
	1.00	0 (SPOT_A_32_P149640)	A_32_P149640	0.00	-0.15	-0.60	0.91
	1.00	0 (SPOT_A_32_P150642)	A_32_P150642	0.00	0.48	-0.01	1.83
	1.00	0 (SPOT_A_32_P15169)	A_32_P15169	0.00	6.31	4.13	9.67
	1.00	0 (SPOT_A_32_P151909)	A_32_P151909	0.00	0.06	-0.13	0.97
	1.00	0 (SPOT_A_32_P153361)	A_32_P153361	0.00	1.11	-0.32	7.61
	1.00	0 (SPOT_A_32_P153410)	A_32_P153410	0.00	1.99	-0.29	2.52
	1.00	0 (SPOT_A_32_P153954)	A_32_P153954	0.00	-0.05	-0.56	0.85
	1.00	0 (SPOT_A_32_P155588)	A_32_P155588	0.00	0.12	-0.51	0.85
	1.00	0 (SPOT_A_32_P157124)	A_32_P157124	0.00	0.06	-0.13	0.95
	1.00	0 (SPOT_A_32_P157516)	A_32_P157516	0.00	0.05	-0.57	0.92
	1.00	EIF2S2;EIF2S2P3;EIF2S2P4	A_32_P157965	0.00	2.04	0.99	2.50
	1.00	0 (SPOT_A_32_P159271)	A_32_P159271	0.00	-0.37	-2.16	2.73
	1.00	0 (SPOT_A_32_P16018)	A_32_P16018	0.00	0.28	0.02	1.74
	1.00	DOK6	A_32_P160561	0.00	0.13	-0.20	0.92
	1.00	0 (SPOT_A_32_P161855)	A_32_P161855	0.00	6.39	4.13	19.22
	1.00	0 (SPOT_A_32_P163014)	A_32_P163014	0.00	0.68	-1.48	2.78
	1.00	0 (SPOT_A_32_P163894)	A_32_P163894	0.00	4.40	3.26	7.36
	1.00	0 (SPOT_A_32_P165557)	A_32_P165557	0.00	1.10	-0.13	1.46
	1.00	0 (SPOT_A_32_P166422)	A_32_P166422	0.00	-0.07	-0.53	0.78
	1.00	0 (SPOT_A_32_P168126)	A_32_P168126	0.00	0.08	-0.13	0.97
	1.00	HOTAIR	A_32_P168442	0.00	0.06	-0.33	1.04
	1.00	0 (SPOT_A_32_P169550)	A_32_P169550	0.00	7.61	1.90	7.07
	1.00	0 (SPOT_A_32_P169915)	A_32_P169915	0.00	0.10	-0.25	0.84
	1.00	0 (SPOT_A_32_P170905)	A_32_P170905	0.00	0.03	-0.55	0.97
	1.00	ASCL2	A_32_P171061	0.00	4.16	1.82	8.24
	1.00	0 (SPOT_A_32_P171386)	A_32_P171386	0.00	0.15	-0.15	0.94
	1.00	0 (SPOT_A_32_P17145)	A_32_P17145	0.00	0.18	-0.15	0.91
	1.00	TMEM41B	A_32_P173058	0.00	1.24	-2.97	3.00
	1.00	0 (SPOT_A_32_P173939)	A_32_P173939	0.00	-0.01	-0.34	0.88
	1.00	0 (SPOT_A_32_P174629)	A_32_P174629	0.00	3.03	1.43	6.69
	1.00	0 (SPOT_A_32_P174790)	A_32_P174790	0.00	-0.02	-0.53	0.79
	1.00	0 (SPOT_A_32_P175462)	A_32_P175462	0.00	0.96	0.08	3.88
	1.00	0 (SPOT_A_32_P176902)	A_32_P176902	0.00	1.65	-0.29	2.36
	1.00	0 (SPOT_A_32_P1772)	A_32_P1772	0.00	1.22	0.53	1.57
	1.00	0 (SPOT_A_32_P177667)	A_32_P177667	0.00	1.41	-0.08	1.76
	1.00	0 (SPOT_A_32_P178045)	A_32_P178045	0.00	0.06	-0.13	0.94
	1.00	0 (SPOT_A_32_P178879)	A_32_P178879	0.00	0.08	-0.16	0.89
	1.00	0 (SPOT_A_32_P17917)	A_32_P17917	0.00	0.01	-0.49	1.00
	1.00	0 (SPOT_A_32_P179562)	A_32_P179562	0.00	0.06	-0.79	0.95
	1.00	0 (SPOT_A_32_P179771)	A_32_P179771	0.00	0.51	-0.71	3.80
	1.00	0 (SPOT_A_32_P180887)	A_32_P180887	0.00	0.08	-0.13	0.95
	1.00	0 (SPOT_A_32_P182055)	A_32_P182055	0.00	-0.12	-0.68	0.64
	1.00	FYB2	A_32_P182299	0.00	0.21	-0.05	0.98
	1.00	0 (SPOT_A_32_P184304)	A_32_P184304	0.00	0.67	-0.83	1.17
	1.00	0 (SPOT_A_32_P184636)	A_32_P184636	0.00	-0.11	-0.56	0.58
	1.00	0 (SPOT_A_32_P185229)	A_32_P185229	0.00	1.70	1.27	4.39
	1.00	0 (SPOT_A_32_P18617)	A_32_P18617	0.00	0.05	-0.33	0.98
	1.00	0 (SPOT_A_32_P187050)	A_32_P187050	0.00	0.34	-0.81	0.72
	1.00	0 (SPOT_A_32_P187245)	A_32_P187245	0.00	1.92	-2.41	3.53
	1.00	0 (SPOT_A_32_P187388)	A_32_P187388	0.00	0.16	-0.15	0.93
	1.00	0 (SPOT_A_32_P188127)	A_32_P188127	0.00	0.06	-0.19	0.92
	1.00	0 (SPOT_A_32_P19019)	A_32_P19019	0.00	0.12	-0.75	1.89
	1.00	0 (SPOT_A_32_P190343)	A_32_P190343	0.00	2.72	-5.10	7.19
	1.00	0 (SPOT_A_32_P190568)	A_32_P190568	0.00	1.59	0.42	2.77
	1.00	FMNL2	A_32_P193080	0.00	2.90	1.72	3.87
	1.00	0 (SPOT_A_32_P193262)	A_32_P193262	0.00	0.07	-0.71	1.01
	1.00	0 (SPOT_A_32_P193347)	A_32_P193347	0.00	1.33	0.64	3.69
	1.00	0 (SPOT_A_32_P193378)	A_32_P193378	0.00	-0.05	-0.61	0.98
	1.00	0 (SPOT_A_32_P195181)	A_32_P195181	0.00	1.04	-1.50	4.92
	1.00	0 (SPOT_A_32_P195501)	A_32_P195501	0.00	0.04	-0.79	2.95
	1.00	0 (SPOT_A_32_P196843)	A_32_P196843	0.00	0.10	-0.41	1.13
	1.00	0 (SPOT_A_32_P197156)	A_32_P197156	0.00	0.05	-0.42	1.10
	1.00	0 (SPOT_A_32_P19724)	A_32_P19724	0.00	0.23	-0.13	1.71
	1.00	0 (SPOT_A_32_P198005)	A_32_P198005	0.00	-0.01	-0.42	0.96
	1.00	0 (SPOT_A_32_P199220)	A_32_P199220	0.00	0.04	-0.58	1.03
	1.00	0 (SPOT_A_32_P200120)	A_32_P200120	0.00	1.51	0.43	1.72
	1.00	0 (SPOT_A_32_P200490)	A_32_P200490	0.00	2.74	0.52	5.06
	1.00	0 (SPOT_A_32_P200586)	A_32_P200586	0.00	3.24	0.62	4.77
	1.00	0 (SPOT_A_32_P200600)	A_32_P200600	0.00	0.39	0.20	1.52
	1.00	0 (SPOT_A_32_P201075)	A_32_P201075	0.00	1.41	-1.20	4.08
	1.00	CETN4P	A_32_P201212	0.00	0.68	-0.18	0.89
	1.00	0 (SPOT_A_32_P201261)	A_32_P201261	0.00	-0.03	-0.29	0.80
	1.00	0 (SPOT_A_32_P201754)	A_32_P201754	0.00	0.13	-0.17	0.94
	1.00	FAM196A	A_32_P202013	0.00	-0.04	-0.94	0.81
	1.00	0 (SPOT_A_32_P202273)	A_32_P202273	0.00	0.05	-0.18	0.86
	1.00	0 (SPOT_A_32_P203998)	A_32_P203998	0.00	1.24	-0.37	3.45
	1.00	0 (SPOT_A_32_P204126)	A_32_P204126	0.00	0.13	-0.22	0.90
	1.00	CIAPIN1P	A_32_P204381	0.00	1.46	-0.04	1.62
	1.00	RGPD8;RGPD5;RGPD6	A_32_P205944	0.00	1.32	0.42	5.52
	1.00	0 (SPOT_A_32_P20697)	A_32_P20697	0.00	1.39	0.78	2.19
	1.00	0 (SPOT_A_32_P208549)	A_32_P208549	0.00	1.02	-0.72	1.60
	1.00	0 (SPOT_A_32_P208753)	A_32_P208753	0.00	5.42	4.15	12.92
	1.00	0 (SPOT_A_32_P20884)	A_32_P20884	0.00	0.86	-0.36	2.04
	1.00	0 (SPOT_A_32_P210407)	A_32_P210407	0.00	0.13	-0.13	0.96
	1.00	0 (SPOT_A_32_P210687)	A_32_P210687	0.00	0.68	-0.59	1.88
	1.00	0 (SPOT_A_32_P211765)	A_32_P211765	0.00	4.68	3.40	9.96
	1.00	0 (SPOT_A_32_P212764)	A_32_P212764	0.00	3.25	0.59	4.18
	1.00	RIPPLY2	A_32_P216566	0.00	-0.08	-0.45	0.78
	1.00	0 (SPOT_A_32_P217614)	A_32_P217614	0.00	2.43	-0.03	3.39
	1.00	0 (SPOT_A_32_P217901)	A_32_P217901	0.00	0.47	0.26	1.52
	1.00	0 (SPOT_A_32_P218025)	A_32_P218025	0.00	0.00	-0.65	1.76
	1.00	0 (SPOT_A_32_P218143)	A_32_P218143	0.00	-0.39	-1.33	1.25
	1.00	0 (SPOT_A_32_P21848)	A_32_P21848	0.00	0.48	-0.57	1.72
	1.00	0 (SPOT_A_32_P218883)	A_32_P218883	0.00	1.02	-0.15	1.14
	1.00	0 (SPOT_A_32_P219554)	A_32_P219554	0.00	-0.57	-4.01	3.08
	1.00	0 (SPOT_A_32_P221352)	A_32_P221352	0.00	1.75	1.04	4.65
	1.00	0 (SPOT_A_32_P223488)	A_32_P223488	0.00	0.99	-0.77	2.42
	1.00	0 (SPOT_A_32_P224234)	A_32_P224234	0.00	2.97	-0.97	4.67
	1.00	0 (SPOT_A_32_P224498)	A_32_P224498	0.00	3.04	1.86	7.68
	1.00	0 (SPOT_A_32_P225263)	A_32_P225263	0.00	0.86	-0.57	2.37
	1.00	PRDM16	A_32_P225816	0.00	1.14	-1.71	4.90
	1.00	0 (SPOT_A_32_P227158)	A_32_P227158	0.00	0.04	-0.48	1.06
	1.00	0 (SPOT_A_32_P228356)	A_32_P228356	0.00	2.19	-0.74	3.08
	1.00	FMN2	A_32_P229132	0.00	-0.11	-0.68	0.74
	1.00	0 (SPOT_A_32_P230253)	A_32_P230253	0.00	6.79	-0.19	11.80
	1.00	0 (SPOT_A_32_P230452)	A_32_P230452	0.00	0.05	-0.53	0.74
	1.00	0 (SPOT_A_32_P230808)	A_32_P230808	0.00	1.31	-0.46	6.89
	1.00	0 (SPOT_A_32_P231250)	A_32_P231250	0.00	2.02	1.71	7.41
	1.00	0 (SPOT_A_32_P231547)	A_32_P231547	0.00	1.79	0.74	2.06
	1.00	0 (SPOT_A_32_P231641)	A_32_P231641	0.00	0.13	-0.74	2.35
	1.00	0 (SPOT_A_32_P23172)	A_32_P23172	0.00	0.01	-0.64	0.97
	1.00	0 (SPOT_A_32_P232035)	A_32_P232035	0.00	1.91	1.51	4.22
	1.00	0 (SPOT_A_32_P232383)	A_32_P232383	0.00	0.05	-0.64	1.02
	1.00	0 (SPOT_A_32_P232437)	A_32_P232437	0.00	0.27	-0.15	1.60
	1.00	0 (SPOT_A_32_P233379)	A_32_P233379	0.00	0.02	-0.82	0.94
	1.00	0 (SPOT_A_32_P234132)	A_32_P234132	0.00	0.00	-0.49	0.94
	1.00	0 (SPOT_A_32_P234570)	A_32_P234570	0.00	1.59	-0.11	1.91
	1.00	0 (SPOT_A_32_P24450)	A_32_P24450	0.00	0.01	-1.19	2.88
	1.00	0 (SPOT_A_32_P24531)	A_32_P24531	0.00	0.62	-0.20	2.04
	1.00	0 (SPOT_A_32_P25889)	A_32_P25889	0.00	0.48	-0.58	3.48
	1.00	0 (SPOT_A_32_P29239)	A_32_P29239	0.00	0.12	-0.16	1.03
	1.00	0 (SPOT_A_32_P29551)	A_32_P29551	0.00	4.12	0.76	4.94
	1.00	0 (SPOT_A_32_P302068)	A_32_P302068	0.00	0.03	-0.58	0.95
	1.00	ARRDC5	A_32_P30271	0.00	1.58	-0.96	2.04
	1.00	0 (SPOT_A_32_P30566)	A_32_P30566	0.00	0.24	-0.14	0.96
	1.00	0 (SPOT_A_32_P30730)	A_32_P30730	0.00	-0.10	-0.66	0.75
	1.00	0 (SPOT_A_32_P31465)	A_32_P31465	0.00	3.89	1.48	5.78
	1.00	0 (SPOT_A_32_P314783)	A_32_P314783	0.00	-0.10	-0.55	1.00
	1.00	0 (SPOT_A_32_P315770)	A_32_P315770	0.00	0.88	0.67	3.92
	1.00	0 (SPOT_A_32_P31666)	A_32_P31666	0.00	0.91	-1.26	1.69
	1.00	NKPD1	A_32_P319858	0.00	0.99	0.67	4.34
	1.00	NEUROD4	A_32_P320247	0.00	0.10	-0.15	0.96
	1.00	0 (SPOT_A_32_P32343)	A_32_P32343	0.00	2.08	-0.30	3.77
	1.00	TMEM272	A_32_P324933	0.00	3.01	0.16	3.67
	1.00	0 (SPOT_A_32_P32716)	A_32_P32716	0.00	0.03	-0.80	1.03
	1.00	0 (SPOT_A_32_P327679)	A_32_P327679	0.00	2.33	-0.93	5.48
	1.00	0 (SPOT_A_32_P3322)	A_32_P3322	0.00	0.20	-0.15	0.93
	1.00	0 (SPOT_A_32_P341723)	A_32_P341723	0.00	0.13	-0.17	0.90
	1.00	FHOD3	A_32_P34444	0.00	0.01	-0.52	1.01
	1.00	POLB	A_32_P34552	0.00	0.84	-1.10	1.56
	1.00	WDR88	A_32_P346172	0.00	0.08	-0.65	2.07
	1.00	0 (SPOT_A_32_P3545)	A_32_P3545	0.00	-0.05	-0.68	0.95
	1.00	0 (SPOT_A_32_P35506)	A_32_P35506	0.00	1.44	-0.19	2.74
	1.00	0 (SPOT_A_32_P36136)	A_32_P36136	0.00	0.41	0.08	2.65
	1.00	0 (SPOT_A_32_P361915)	A_32_P361915	0.00	1.98	0.82	3.71
	1.00	0 (SPOT_A_32_P37235)	A_32_P37235	0.00	0.04	-1.27	0.97
	1.00	0 (SPOT_A_32_P37704)	A_32_P37704	0.00	0.85	0.15	3.79
	1.00	0 (SPOT_A_32_P37971)	A_32_P37971	0.00	0.61	0.01	1.49
	1.00	GRIP2	A_32_P380675	0.00	-0.07	-0.57	0.78
	1.00	0 (SPOT_A_32_P38313)	A_32_P38313	0.00	1.28	0.45	3.55
	1.00	0 (SPOT_A_32_P40375)	A_32_P40375	0.00	3.15	0.03	3.54
	1.00	0 (SPOT_A_32_P4038)	A_32_P4038	0.00	0.22	-0.13	0.94
	1.00	0 (SPOT_A_32_P40433)	A_32_P40433	0.00	0.06	-0.26	1.03
	1.00	ADCY2	A_32_P405973	0.00	-0.11	-0.76	0.77
	1.00	0 (SPOT_A_32_P409623)	A_32_P409623	0.00	0.17	-0.38	0.91
	1.00	0 (SPOT_A_32_P41594)	A_32_P41594	0.00	0.21	-0.81	0.56
	1.00	0 (SPOT_A_32_P424932)	A_32_P424932	0.00	0.10	-0.62	2.25
	1.00	MROH2A	A_32_P427222	0.00	-0.05	-0.71	0.91
	1.00	LINC01197	A_32_P43349	0.00	-0.17	-0.85	0.68
	1.00	0 (SPOT_A_32_P436142)	A_32_P436142	0.00	1.04	-0.15	2.56
	1.00	0 (SPOT_A_32_P441305)	A_32_P441305	0.00	-0.29	-0.98	1.05
	1.00	0 (SPOT_A_32_P441530)	A_32_P441530	0.00	-0.04	-0.54	0.81
	1.00	0 (SPOT_A_32_P44878)	A_32_P44878	0.00	0.02	-0.59	1.02
	1.00	0 (SPOT_A_32_P459529)	A_32_P459529	0.00	-0.00	-0.65	0.93
	1.00	0 (SPOT_A_32_P461976)	A_32_P461976	0.00	0.39	-0.77	1.41
	1.00	DACH2	A_32_P464135	0.00	0.02	-0.81	1.85
	1.00	0 (SPOT_A_32_P464910)	A_32_P464910	0.00	-0.21	-1.18	1.07
	1.00	0 (SPOT_A_32_P47474)	A_32_P47474	0.00	0.09	-0.13	0.97
	1.00	LINC02249	A_32_P478512	0.00	0.04	-0.62	1.01
	1.00	0 (SPOT_A_32_P48329)	A_32_P48329	0.00	0.05	-0.15	0.95
	1.00	0 (SPOT_A_32_P483999)	A_32_P483999	0.00	2.87	1.09	2.91
	1.00	0 (SPOT_A_32_P49116)	A_32_P49116	0.00	2.44	1.32	5.65
	1.00	0 (SPOT_A_32_P492524)	A_32_P492524	0.00	-0.14	-0.87	0.74
	1.00	0 (SPOT_A_32_P493702)	A_32_P493702	0.00	-0.05	-0.87	1.01
	1.00	0 (SPOT_A_32_P494790)	A_32_P494790	0.00	1.36	-0.17	4.46
	1.00	0 (SPOT_A_32_P501260)	A_32_P501260	0.00	-0.06	-1.51	1.81
	1.00	0 (SPOT_A_32_P50209)	A_32_P50209	0.00	-0.06	-0.65	0.84
	1.00	0 (SPOT_A_32_P5148)	A_32_P5148	0.00	0.67	0.23	2.42
	1.00	0 (SPOT_A_32_P51855)	A_32_P51855	0.00	0.07	-0.65	1.34
	1.00	0 (SPOT_A_32_P51988)	A_32_P51988	0.00	1.66	0.23	2.08
	1.00	C11ORF86	A_32_P524904	0.00	2.50	0.57	10.49
	1.00	RTP1	A_32_P528967	0.00	2.03	0.96	3.10
	1.00	0 (SPOT_A_32_P54475)	A_32_P54475	0.00	1.01	0.09	4.35
	1.00	USP41	A_32_P54553	0.00	10.32	4.51	11.07
	1.00	SSX1	A_32_P55135	0.00	-0.21	-1.14	0.99
	1.00	0 (SPOT_A_32_P56497)	A_32_P56497	0.00	2.82	0.01	3.55
	1.00	0 (SPOT_A_32_P59990)	A_32_P59990	0.00	0.01	-0.66	0.97
	1.00	CCDC158	A_32_P60716	0.00	0.04	-0.56	0.90
	1.00	LINC00943	A_32_P62276	0.00	-0.08	-0.62	0.74
	1.00	0 (SPOT_A_32_P64286)	A_32_P64286	0.00	0.09	-0.13	0.88
	1.00	LINC02156	A_32_P64598	0.00	1.15	0.45	2.74
	1.00	0 (SPOT_A_32_P64668)	A_32_P64668	0.00	0.03	-0.56	0.78
	1.00	0 (SPOT_A_32_P66517)	A_32_P66517	0.00	-0.15	-1.21	0.81
	1.00	MGAT4D	A_32_P66756	0.00	-0.20	-0.95	0.79
	1.00	0 (SPOT_A_32_P68516)	A_32_P68516	0.00	3.04	0.25	3.77
	1.00	0 (SPOT_A_32_P69616)	A_32_P69616	0.00	-0.04	-0.57	0.89
	1.00	SLCO1A2	A_32_P69802	0.00	0.15	-0.18	0.93
	1.00	0 (SPOT_A_32_P70045)	A_32_P70045	0.00	-0.20	-3.50	6.29
	1.00	TRIM59	A_32_P72341	0.00	-0.05	-0.62	1.14
	1.00	TTTY7;TTTY7B	A_32_P737629	0.00	0.06	-0.67	1.03
	1.00	PPM1E	A_32_P73796	0.00	1.02	-1.44	2.10
	1.00	0 (SPOT_A_32_P74206)	A_32_P74206	0.00	2.21	0.65	3.64
	1.00	0 (SPOT_A_32_P74643)	A_32_P74643	0.00	2.79	1.35	5.80
	1.00	0 (SPOT_A_32_P74680)	A_32_P74680	0.00	-0.29	-1.92	1.76
	1.00	0 (SPOT_A_32_P74901)	A_32_P74901	0.00	1.63	0.70	1.97
	1.00	0 (SPOT_A_32_P76025)	A_32_P76025	0.00	1.02	0.18	1.26
	1.00	0 (SPOT_A_32_P76356)	A_32_P76356	0.00	0.01	-0.66	0.97
	1.00	0 (SPOT_A_32_P77328)	A_32_P77328	0.00	0.08	-0.13	0.93
	1.00	HNRNPA3P1;HNRNPA3;HNRNPA3P5;HNRNPA3P3	A_32_P77502	0.00	1.09	-0.35	1.88
	1.00	CT45A1;CT45A3;CT45A5;CT45A6;CT45A7	A_32_P780817	0.00	-0.11	-0.68	0.74
	1.00	0 (SPOT_A_32_P781679)	A_32_P781679	0.00	-0.23	-2.92	1.97
	1.00	0 (SPOT_A_32_P78623)	A_32_P78623	0.00	0.08	-1.05	0.79
	1.00	0 (SPOT_A_32_P78943)	A_32_P78943	0.00	-0.12	-1.91	3.43
	1.00	0 (SPOT_A_32_P79366)	A_32_P79366	0.00	0.91	0.59	2.23
	1.00	0 (SPOT_A_32_P804837)	A_32_P804837	0.00	0.19	-0.35	0.72
	1.00	0 (SPOT_A_32_P810302)	A_32_P810302	0.00	0.11	-0.16	0.89
	1.00	0 (SPOT_A_32_P810645)	A_32_P810645	0.00	0.18	-0.62	0.80
	1.00	CABCOCO1	A_32_P8156	0.00	0.04	-0.22	0.96
	1.00	0 (SPOT_A_32_P820004)	A_32_P820004	0.00	0.03	-0.36	0.95
	1.00	0 (SPOT_A_32_P82304)	A_32_P82304	0.00	-0.26	-1.52	1.89
	1.00	0 (SPOT_A_32_P82743)	A_32_P82743	0.00	-0.09	-0.69	0.86
	1.00	0 (SPOT_A_32_P839537)	A_32_P839537	0.00	0.09	-0.73	0.97
	1.00	LINC00473	A_32_P8546	0.00	0.05	-0.64	2.57
	1.00	0 (SPOT_A_32_P855872)	A_32_P855872	0.00	-0.04	-0.65	0.88
	1.00	0 (SPOT_A_32_P859499)	A_32_P859499	0.00	0.00	-0.29	0.90
	1.00	ZIC1	A_32_P86067	0.00	0.04	-0.46	0.96
	1.00	0 (SPOT_A_32_P865343)	A_32_P865343	0.00	0.07	-0.25	0.88
	1.00	0 (SPOT_A_32_P86820)	A_32_P86820	0.00	2.72	1.37	4.64
	1.00	0 (SPOT_A_32_P88705)	A_32_P88705	0.00	2.07	1.08	2.55
	1.00	0 (SPOT_A_32_P890614)	A_32_P890614	0.00	2.46	-0.16	3.27
	1.00	0 (SPOT_A_32_P896811)	A_32_P896811	0.00	0.12	-0.12	0.94
	1.00	0 (SPOT_A_32_P90113)	A_32_P90113	0.00	-0.10	-0.66	0.69
	1.00	0 (SPOT_A_32_P91005)	A_32_P91005	0.00	0.11	-0.27	0.79
	1.00	0 (SPOT_A_32_P9348)	A_32_P9348	0.00	0.34	-0.49	1.37
	1.00	0 (SPOT_A_32_P93558)	A_32_P93558	0.00	0.06	-0.31	1.02
	1.00	0 (SPOT_A_32_P936189)	A_32_P936189	0.00	0.05	-0.55	1.04
	1.00	MZT1	A_32_P9382	0.00	-0.30	-1.15	1.36
	1.00	0 (SPOT_A_32_P94132)	A_32_P94132	0.00	-0.02	-0.40	0.87
	1.00	0 (SPOT_A_32_P95051)	A_32_P95051	0.00	0.12	-0.17	0.94
	1.00	0 (SPOT_A_32_P96245)	A_32_P96245	0.00	0.09	-1.78	3.51
	1.00	0 (SPOT_A_32_P963)	A_32_P963	0.00	0.52	-0.49	4.49
	1.00	0 (SPOT_A_32_P97674)	A_32_P97674	0.00	-0.13	-0.67	0.72
	1.00	0 (SPOT_A_32_P97780)	A_32_P97780	0.00	1.66	-0.68	2.52
	1.00	0 (SPOT_A_32_P982)	A_32_P982	0.00	0.01	-0.49	0.97
	1.00	0 (SPOT_A_32_P98391)	A_32_P98391	0.00	2.25	0.40	2.54
	1.00	FAM225B	A_32_P99347	0.00	1.40	-0.99	2.03
	1.00	0 (SPOT_A_32_P99533)	A_32_P99533	0.00	14.91	6.58	18.52
	1.00	EFCAB12	A_32_P99753	0.00	1.60	0.15	2.39
