Gene Table for Profile 0 (0.0,-3.0,-4.0,-3.0)
Num. Genes Expected	Num. Genes Assigned	P-Value	Significant
1,508.0	1,230.9	2.0E-15	 (significant)
-------
Selected	Weight	GeneSymbolHGNC	Spot	0	sixHours	twelveHours	twentyFourHours
	1.00	ELOB	A_23_P100392	0.00	-3.72	-4.22	-3.40
	1.00	TBCD	A_23_P100602;A_24_P275873	0.00	-1.27	-3.45	-2.77
	1.00	0 (SPOT_A_23_P100802)	A_23_P100802	0.00	-2.11	-2.39	-1.50
	1.00	ZNF587	A_23_P101281	0.00	-1.35	-1.14	-0.82
	1.00	0 (SPOT_A_23_P101308)	A_23_P101308	0.00	-3.44	-3.99	-3.47
	1.00	0 (SPOT_A_23_P102160)	A_23_P102160	0.00	-3.86	-7.78	-4.62
	1.00	0 (SPOT_A_23_P102994)	A_23_P102994	0.00	-2.84	-3.07	-1.97
	1.00	MFNG	A_23_P103104	0.00	-2.24	-3.72	-3.24
	1.00	0 (SPOT_A_23_P103698)	A_23_P103698	0.00	-3.06	-3.50	-2.67
	1.00	TTC13	A_23_P103864	0.00	-3.21	-3.97	-3.04
	1.00	B4GALT3	A_23_P103919	0.00	-1.55	-2.09	-0.96
	1.00	0 (SPOT_A_23_P104022)	A_23_P104022	0.00	-0.64	-1.38	-1.10
	1.00	0 (SPOT_A_23_P104138)	A_23_P104138	0.00	-3.97	-2.81	-2.38
	1.00	FAM53B	A_23_P104509;A_24_P406814	0.00	-1.14	-1.03	-1.18
	1.00	PELI3	A_23_P104692	0.00	-3.55	-5.07	-4.40
	1.00	STT3A	A_23_P104734	0.00	-4.33	-3.80	-3.63
	1.00	0 (SPOT_A_23_P105184)	A_23_P105184	0.00	-3.50	-2.97	-2.30
	1.00	MAP3K12	A_23_P105409	0.00	-4.41	-3.98	-3.08
	1.00	CHPT1	A_23_P105571	0.00	-1.93	-3.94	-3.62
	1.00	APPL2	A_23_P105747	0.00	-4.19	-3.80	-3.50
	1.00	0 (SPOT_A_23_P106322)	A_23_P106322	0.00	-1.84	-4.04	-3.08
	1.00	OAZ2	A_23_P106463	0.00	-2.90	-3.02	-2.29
	1.00	DDX28	A_23_P106633	0.00	-2.71	-3.28	-2.24
	1.00	RAB11FIP3	A_23_P106727	0.00	-2.64	-2.09	-1.67
	1.00	0 (SPOT_A_23_P107073)	A_23_P107073	0.00	-6.32	-7.92	-4.34
	1.00	0 (SPOT_A_23_P107369)	A_23_P107369	0.00	-0.89	-1.65	-1.15
	1.00	NPC1	A_23_P107587	0.00	-2.28	-2.55	-2.66
	1.00	0 (SPOT_A_23_P107701)	A_23_P107701	0.00	-1.98	-4.30	-3.15
	1.00	0 (SPOT_A_23_P108514)	A_23_P108514	0.00	-2.09	-3.90	-1.95
	1.00	0 (SPOT_A_23_P109201)	A_23_P109201	0.00	-7.34	-6.81	-6.03
	1.00	0 (SPOT_A_23_P110031)	A_23_P110031	0.00	-7.23	-8.00	-4.74
	1.00	GSTCD	A_23_P110288	0.00	-1.79	-2.38	-2.12
	1.00	PPWD1	A_23_P110433	0.00	-1.88	-1.54	-1.01
	1.00	MARCH6	A_23_P110492	0.00	-6.18	-5.16	-5.49
	1.00	0 (SPOT_A_23_P11071)	A_23_P11071	0.00	-1.71	-4.02	-2.69
	1.00	TMEM14C	A_23_P111288	0.00	-1.85	-3.63	-2.30
	1.00	ZNHIT1	A_23_P111843	0.00	-1.05	-2.57	-2.20
	1.00	MTCP1;CMC4	A_23_P11295	0.00	-2.89	-3.82	-3.81
	1.00	0 (SPOT_A_23_P113380)	A_23_P113380	0.00	-5.57	-6.50	-3.39
	1.00	0 (SPOT_A_23_P11341)	A_23_P11341	0.00	-1.71	-2.72	-2.16
	1.00	CCDC22	A_23_P114144	0.00	-2.04	-3.85	-2.61
	1.00	RBBP7	A_23_P114221	0.00	-3.42	-3.66	-4.25
	1.00	MPC2	A_23_P114929	0.00	-1.22	-1.90	-0.69
	1.00	IPO13	A_23_P115036	0.00	-1.28	-1.20	-0.70
	1.00	PHYH	A_23_P115919	0.00	-3.07	-3.71	-3.57
	1.00	EIF4EBP2	A_23_P115922;A_24_P115621	0.00	-2.85	-4.47	-3.73
	1.00	0 (SPOT_A_23_P115998)	A_23_P115998	0.00	-2.52	-2.28	-1.31
	1.00	0 (SPOT_A_23_P117416)	A_23_P117416	0.00	-1.39	-1.93	-1.95
	1.00	DCAF11	A_23_P117424	0.00	-0.83	-1.05	-0.88
	1.00	SOS2	A_23_P117546	0.00	-2.55	-2.14	-2.29
	1.00	MTFMT	A_23_P117727	0.00	-3.19	-3.12	-2.41
	1.00	CLN6	A_23_P117797	0.00	-2.68	-4.72	-3.85
	1.00	UQCRC2	A_23_P118002	0.00	-2.84	-2.78	-2.92
	1.00	NDUFB10	A_23_P118105	0.00	-1.96	-4.90	-4.16
	1.00	0 (SPOT_A_23_P118544)	A_23_P118544	0.00	-3.90	-5.24	-3.86
	1.00	C1ORF112	A_23_P11862	0.00	-2.37	-2.68	-3.28
	1.00	DNASE2	A_23_P119266	0.00	-6.71	-5.61	-5.14
	1.00	0 (SPOT_A_23_P119543)	A_23_P119543	0.00	-1.32	-2.15	-1.58
	1.00	NLRC4	A_23_P119835	0.00	-5.12	-6.72	-4.01
	1.00	NUDT5	A_23_P1199	0.00	-2.97	-3.14	-3.08
	1.00	PRDX1	A_23_P11995	0.00	-2.20	-7.26	-5.66
	1.00	TIGD1;MIR5001	A_23_P120170	0.00	-2.65	-3.04	-1.37
	1.00	TFAP2C	A_23_P120472	0.00	-5.74	-5.28	-2.94
	1.00	0 (SPOT_A_23_P12062)	A_23_P12062	0.00	-4.08	-5.65	-4.84
	1.00	TTC3	A_23_P120710	0.00	-4.90	-5.74	-5.09
	1.00	KCNC4	A_23_P12079	0.00	-3.76	-6.05	-4.04
	1.00	0 (SPOT_A_23_P120970)	A_23_P120970	0.00	-1.66	-4.13	-2.61
	1.00	GBE1	A_23_P121082	0.00	-3.34	-4.45	-2.38
	1.00	TOP2B	A_23_P121095	0.00	-2.26	-3.56	-3.44
	1.00	HACL1	A_23_P121182	0.00	-0.56	-1.77	-1.34
	1.00	0 (SPOT_A_23_P121783)	A_23_P121783	0.00	-1.66	-2.70	-2.57
	1.00	ENOPH1	A_23_P121806	0.00	-2.98	-2.49	-2.44
	1.00	0 (SPOT_A_23_P122127)	A_23_P122127	0.00	-4.97	-4.98	-3.97
	1.00	MCOLN3	A_23_P12241	0.00	-2.99	-5.84	-5.46
	1.00	CALU	A_23_P122815	0.00	-3.53	-3.65	-3.33
	1.00	TAF6	A_23_P122876	0.00	-2.01	-2.29	-2.59
	1.00	RPS6	A_23_P123563	0.00	-2.47	-2.85	-3.08
	1.00	0 (SPOT_A_23_P123666)	A_23_P123666	0.00	-6.34	-6.37	-5.20
	1.00	DTYMK	A_23_P123974	0.00	-3.37	-4.55	-3.00
	1.00	0 (SPOT_A_23_P124522)	A_23_P124522	0.00	-3.78	-4.46	-4.85
	1.00	CHKA	A_23_P124742	0.00	-5.22	-4.40	-4.45
	1.00	0 (SPOT_A_23_P124823)	A_23_P124823	0.00	-1.37	-1.29	-1.39
	1.00	0 (SPOT_A_23_P125553)	A_23_P125553	0.00	-1.72	-3.45	-3.03
	1.00	ATPIF1	A_23_P126716	0.00	-4.81	-3.37	-2.55
	1.00	0 (SPOT_A_23_P127150)	A_23_P127150	0.00	-1.76	-2.27	-2.03
	1.00	0 (SPOT_A_23_P127426)	A_23_P127426	0.00	-1.42	-2.72	-1.53
	1.00	FRAT2	A_23_P12784	0.00	-2.62	-3.77	-3.69
	1.00	NCKAP1L	A_23_P128201	0.00	-3.95	-3.81	-2.53
	1.00	TUBA3C	A_23_P128598	0.00	-1.03	-2.40	-1.62
	1.00	CARS2	A_23_P128624	0.00	-2.33	-4.14	-2.00
	1.00	ZDHHC7	A_23_P129389	0.00	-6.77	-5.05	-4.66
	1.00	TIGD7	A_23_P129577	0.00	-1.42	-2.53	-1.92
	1.00	ERI2	A_23_P129717;A_24_P934800	0.00	-2.55	-3.57	-2.14
	1.00	RAB40B	A_23_P129801	0.00	-5.95	-6.23	-7.48
	1.00	QPCTL	A_23_P130787	0.00	-2.50	-3.76	-2.16
	1.00	0 (SPOT_A_23_P130965)	A_23_P130965	0.00	-5.06	-5.41	-3.06
	1.00	0 (SPOT_A_23_P131176)	A_23_P131176	0.00	-1.72	-1.84	-1.67
	1.00	ZFAND2B	A_23_P131299	0.00	-0.92	-1.51	-1.28
	1.00	PQLC3	A_23_P131375	0.00	-2.89	-3.21	-2.10
	1.00	SNRNP200	A_23_P131626	0.00	-2.62	-2.92	-2.76
	1.00	0 (SPOT_A_23_P131664)	A_23_P131664	0.00	-3.21	-4.87	-1.74
	1.00	TPD52L2	A_23_P131771	0.00	-2.25	-2.24	-1.92
	1.00	ZMAT5	A_23_P132248	0.00	-1.94	-3.30	-2.46
	1.00	CELSR1	A_23_P132378	0.00	-4.61	-5.95	-6.07
	1.00	ACAD9	A_23_P132405;A_24_P191656	0.00	-1.08	-1.29	-1.12
	1.00	GLT8D1	A_23_P132669	0.00	-3.20	-3.13	-2.55
	1.00	NRROS	A_23_P132856	0.00	-4.27	-3.96	-3.91
	1.00	0 (SPOT_A_23_P132863)	A_23_P132863	0.00	-2.92	-2.83	-3.38
	1.00	0 (SPOT_A_23_P133506)	A_23_P133506	0.00	-4.67	-3.93	-4.09
	1.00	0 (SPOT_A_23_P134584)	A_23_P134584	0.00	-1.60	-3.61	-2.83
	1.00	RIDA	A_23_P134714	0.00	-2.94	-2.48	-2.36
	1.00	BNIP3L	A_23_P134925	0.00	-4.35	-5.49	-4.00
	1.00	PLIN2	A_23_P134953	0.00	-3.25	-3.85	-2.71
	1.00	0 (SPOT_A_23_P13502)	A_23_P13502	0.00	-4.13	-4.77	-2.53
	1.00	CORO2A	A_23_P135061;A_23_P146444	0.00	-4.81	-5.96	-5.78
	1.00	MRPS2	A_23_P135104	0.00	-2.42	-1.81	-1.38
	1.00	0 (SPOT_A_23_P135364)	A_23_P135364	0.00	-3.84	-3.25	-2.71
	1.00	0 (SPOT_A_23_P135826)	A_23_P135826	0.00	-3.44	-3.72	-3.03
	1.00	CKAP5	A_23_P135977	0.00	-1.42	-1.74	-0.79
	1.00	ARV1	A_23_P135995	0.00	-4.37	-3.92	-4.10
	1.00	0 (SPOT_A_23_P136135)	A_23_P136135	0.00	-3.43	-4.48	-4.22
	1.00	0 (SPOT_A_23_P136693)	A_23_P136693	0.00	-10.12	-8.23	-6.35
	1.00	ZMPSTE24	A_23_P137427	0.00	-1.06	-2.95	-2.38
	1.00	SIPA1L2	A_23_P137470	0.00	-5.25	-4.76	-4.26
	1.00	ZNF362	A_23_P137543	0.00	-4.59	-5.23	-3.71
	1.00	OLFML2B	A_23_P137689	0.00	-1.96	-3.22	-2.02
	1.00	ATP6V0B	A_23_P137814	0.00	-2.93	-3.48	-2.10
	1.00	0 (SPOT_A_23_P138453)	A_23_P138453	0.00	-1.80	-2.98	-2.04
	1.00	COMMD3	A_23_P138514	0.00	-4.13	-3.61	-2.21
	1.00	AKR1C3	A_23_P138541	0.00	-4.61	-5.21	-3.13
	1.00	0 (SPOT_A_23_P138686)	A_23_P138686	0.00	-6.53	-6.27	-5.14
	1.00	0 (SPOT_A_23_P139339)	A_23_P139339	0.00	-2.95	-2.73	-1.83
	1.00	CDK2AP1	A_23_P139486	0.00	-1.67	-1.84	-2.08
	1.00	TBC1D15	A_23_P139558	0.00	-1.21	-1.53	-1.03
	1.00	DUSP6	A_23_P139704	0.00	-3.64	-6.91	-4.36
	1.00	TMEM251	A_23_P140154	0.00	-6.97	-6.39	-4.12
	1.00	0 (SPOT_A_23_P140207)	A_23_P140207	0.00	-3.83	-5.94	-2.29
	1.00	0 (SPOT_A_23_P140705)	A_23_P140705	0.00	-3.09	-3.44	-3.47
	1.00	0 (SPOT_A_23_P140916)	A_23_P140916	0.00	-1.99	-2.13	-2.21
	1.00	AMFR	A_23_P141005;A_24_P135444	0.00	-2.31	-3.90	-3.21
	1.00	RCBTB2	A_23_P14105	0.00	-10.15	-9.81	-10.37
	1.00	0 (SPOT_A_23_P141866)	A_23_P141866	0.00	-2.42	-3.74	-2.16
	1.00	HSD11B1L	A_23_P141992	0.00	-2.64	-5.28	-4.42
	1.00	YIF1B	A_23_P142239;A_23_P153628	0.00	-2.73	-3.17	-2.51
	1.00	0 (SPOT_A_23_P142455)	A_23_P142455	0.00	-1.45	-1.95	-2.13
	1.00	RETREG2	A_23_P142688	0.00	-1.59	-1.32	-0.89
	1.00	VTI1B	A_23_P14284	0.00	-2.61	-2.28	-2.04
	1.00	TCFL5	A_23_P143147	0.00	-4.73	-4.91	-5.83
	1.00	0 (SPOT_A_23_P143356)	A_23_P143356	0.00	-3.53	-3.35	-3.84
	1.00	0 (SPOT_A_23_P143374)	A_23_P143374	0.00	-9.81	-9.66	-11.32
	1.00	ATP5O	A_23_P143474	0.00	-2.35	-4.09	-2.78
	1.00	ATG7	A_23_P143987;A_24_P944827	0.00	-4.78	-3.56	-3.08
	1.00	PAPSS1	A_23_P144465	0.00	-2.81	-4.52	-2.66
	1.00	0 (SPOT_A_23_P144668)	A_23_P144668	0.00	-6.04	-8.06	-5.15
	1.00	DNAAF2	A_23_P14493	0.00	-1.38	-3.10	-2.31
	1.00	GPR65	A_23_P14564	0.00	-5.55	-4.27	-3.79
	1.00	H2AFV	A_23_P145904;A_23_P316487	0.00	-2.75	-5.26	-4.34
	1.00	TPK1	A_23_P145957	0.00	-1.57	-1.54	-0.83
	1.00	WWP1	A_23_P146990	0.00	-4.16	-3.10	-2.63
	1.00	0 (SPOT_A_23_P146997)	A_23_P146997	0.00	-1.01	-1.38	-1.45
	1.00	TSEN54	A_23_P147277	0.00	-1.77	-2.06	-1.81
	1.00	DYNC2H1	A_23_P147397	0.00	-6.22	-8.38	-9.22
	1.00	SPG21	A_23_P147450	0.00	-5.48	-4.16	-3.80
	1.00	0 (SPOT_A_23_P148162)	A_23_P148162	0.00	-2.77	-3.69	-2.61
	1.00	0 (SPOT_A_23_P148175)	A_23_P148175	0.00	-2.87	-3.42	-4.09
	1.00	FAM156B;FAM156A	A_23_P148519	0.00	-7.57	-5.65	-4.31
	1.00	TM2D1	A_23_P148959	0.00	-2.07	-2.03	-1.64
	1.00	0 (SPOT_A_23_P150207)	A_23_P150207	0.00	-1.15	-2.71	-1.84
	1.00	C11ORF1	A_23_P150350;A_24_P406939	0.00	-1.12	-1.64	-1.27
	1.00	HVCN1	A_23_P151166	0.00	-3.13	-6.41	-5.03
	1.00	0 (SPOT_A_23_P151394)	A_23_P151394	0.00	-1.25	-2.06	-1.45
	1.00	0 (SPOT_A_23_P151679)	A_23_P151679	0.00	-2.02	-1.44	-1.05
	1.00	PCSK6	A_23_P151907;A_24_P189997	0.00	-4.98	-6.21	-5.90
	1.00	SNRNP25	A_23_P152284	0.00	-1.97	-3.87	-3.02
	1.00	ABCC6P1;ABCC6	A_23_P15272	0.00	-2.52	-2.23	-2.18
	1.00	COPRS	A_23_P152858	0.00	-3.00	-5.58	-4.98
	1.00	C19ORF73	A_23_P153524	0.00	-2.72	-3.53	-2.89
	1.00	C5AR1	A_23_P153562	0.00	-8.50	-9.98	-4.54
	1.00	ARMC7	A_23_P15375	0.00	-2.91	-2.52	-1.53
	1.00	0 (SPOT_A_23_P153757)	A_23_P153757	0.00	-3.46	-3.90	-2.92
	1.00	0 (SPOT_A_23_P154006)	A_23_P154006	0.00	-1.91	-1.99	-2.05
	1.00	TUBA4A	A_23_P154065	0.00	-1.80	-2.02	-1.22
	1.00	ATP5J	A_23_P154832	0.00	-2.87	-3.55	-3.87
	1.00	SOD1	A_23_P154840	0.00	-1.50	-3.16	-2.67
	1.00	RIMBP3;RIMBP3B;RIMBP3C;RN7SKP131;RN7SKP63;RN7SKP221	A_23_P154962	0.00	-5.36	-4.62	-2.74
	1.00	AMZ2	A_23_P15564	0.00	-1.92	-3.71	-2.92
	1.00	SKP2	A_23_P156310	0.00	-2.09	-3.49	-1.82
	1.00	0 (SPOT_A_23_P156568)	A_23_P156568	0.00	-3.16	-4.01	-4.33
	1.00	PSMB6	A_23_P15705	0.00	-1.75	-1.19	-0.95
	1.00	NSF	A_23_P15714	0.00	-2.54	-2.65	-1.40
	1.00	MRPS33	A_23_P157352	0.00	-2.14	-2.20	-1.30
	1.00	0 (SPOT_A_23_P157569)	A_23_P157569	0.00	-2.31	-2.48	-1.66
	1.00	ARRB2	A_23_P158829	0.00	-3.16	-2.66	-2.67
	1.00	0 (SPOT_A_23_P158885)	A_23_P158885	0.00	-2.59	-2.93	-2.85
	1.00	ADGRA3	A_23_P158925	0.00	-6.44	-6.21	-6.51
	1.00	VEGFB	A_23_P1594	0.00	-5.28	-5.88	-5.72
	1.00	ZNF256	A_23_P16022	0.00	-2.10	-3.39	-3.28
	1.00	PNPLA6	A_23_P16166	0.00	-3.79	-3.54	-3.88
	1.00	MS4A3	A_23_P161909	0.00	-3.42	-4.48	-4.15
	1.00	PARP2	A_23_P163027	0.00	-1.33	-3.34	-2.82
	1.00	ACYP1	A_23_P163143	0.00	-2.52	-2.37	-1.33
	1.00	BUB1B;BUB1B-PAK6	A_23_P163481	0.00	-4.40	-7.29	-6.52
	1.00	0 (SPOT_A_23_P163496)	A_23_P163496	0.00	-4.50	-5.50	-4.16
	1.00	SUPT4H1	A_23_P163942	0.00	-1.04	-0.88	-0.87
	1.00	SENP3	A_23_P164000	0.00	-1.53	-1.52	-0.93
	1.00	DLX4	A_23_P164196	0.00	-2.40	-7.06	-4.67
	1.00	MINK1	A_23_P164313	0.00	-1.81	-3.68	-3.04
	1.00	0 (SPOT_A_23_P164421)	A_23_P164421	0.00	-3.30	-5.59	-5.28
	1.00	WDR7	A_23_P164528	0.00	-2.48	-4.30	-4.01
	1.00	0 (SPOT_A_23_P16476)	A_23_P16476	0.00	-1.60	-1.75	-0.89
	1.00	LIN7B	A_23_P164912	0.00	-3.80	-4.70	-3.58
	1.00	LRRC25	A_23_P165136	0.00	-4.19	-5.59	-5.19
	1.00	0 (SPOT_A_23_P165343)	A_23_P165343	0.00	-3.39	-2.77	-2.01
	1.00	0 (SPOT_A_23_P165450)	A_23_P165450	0.00	-2.14	-3.00	-2.43
	1.00	0 (SPOT_A_23_P165651)	A_23_P165651	0.00	-3.20	-2.65	-2.01
	1.00	0 (SPOT_A_23_P165819)	A_23_P165819	0.00	-3.29	-6.57	-5.78
	1.00	NEURL2	A_23_P165989	0.00	-3.92	-5.22	-5.02
	1.00	UFD1	A_23_P166333	0.00	-0.82	-1.41	-0.86
	1.00	0 (SPOT_A_23_P166353)	A_23_P166353	0.00	-1.43	-1.50	-1.76
	1.00	0 (SPOT_A_23_P167093)	A_23_P167093	0.00	-0.78	-1.24	-1.01
	1.00	0 (SPOT_A_23_P167256)	A_23_P167256	0.00	-3.91	-4.12	-3.21
	1.00	0 (SPOT_A_23_P167970)	A_23_P167970	0.00	-1.46	-1.04	-0.89
	1.00	PFN4	A_23_P16798	0.00	-2.36	-2.62	-2.94
	1.00	0 (SPOT_A_23_P168810)	A_23_P168810	0.00	-1.23	-2.11	-1.45
	1.00	FAM200A	A_23_P168812	0.00	-3.40	-2.69	-2.18
	1.00	PTDSS1	A_23_P168868	0.00	-3.97	-4.82	-2.49
	1.00	SDC1	A_23_P16944	0.00	-1.41	-2.78	-2.21
	1.00	NTAN1	A_23_P170498	0.00	-3.94	-3.16	-2.40
	1.00	DYM	A_23_P170518	0.00	-0.96	-1.84	-1.08
	1.00	0 (SPOT_A_23_P170579)	A_23_P170579	0.00	-3.02	-4.37	-4.57
	1.00	ZNF778	A_23_P170581;A_32_P78783	0.00	-1.25	-1.18	-0.64
	1.00	IL17RA	A_23_P17706	0.00	-2.35	-2.39	-2.66
	1.00	PNPLA3	A_23_P17914	0.00	-6.50	-6.40	-7.89
	1.00	RFC4	A_23_P18196	0.00	-2.01	-2.16	-2.24
	1.00	0 (SPOT_A_23_P18266)	A_23_P18266	0.00	-2.04	-2.83	-1.80
	1.00	NPRL2	A_23_P18267	0.00	-2.10	-3.33	-1.46
	1.00	0 (SPOT_A_23_P19095)	A_23_P19095	0.00	-4.01	-3.91	-3.93
	1.00	GMNN	A_23_P19712	0.00	-1.87	-2.15	-1.51
	1.00	IQCE	A_23_P19852;A_24_P266285	0.00	-2.66	-4.36	-4.14
	1.00	0 (SPOT_A_23_P200043)	A_23_P200043	0.00	-2.62	-3.42	-1.49
	1.00	LBR	A_23_P200493	0.00	-2.23	-4.55	-3.10
	1.00	RNF220	A_23_P201002	0.00	-2.70	-1.91	-1.53
	1.00	0 (SPOT_A_23_P201264)	A_23_P201264	0.00	-4.29	-3.32	-2.92
	1.00	UBE4B	A_23_P201279	0.00	-4.77	-4.94	-6.13
	1.00	0 (SPOT_A_23_P201357)	A_23_P201357	0.00	-0.76	-1.28	-0.94
	1.00	LAMC1	A_23_P201628	0.00	-3.28	-3.83	-3.99
	1.00	ARPC1B	A_23_P20196	0.00	-3.84	-3.50	-3.20
	1.00	0 (SPOT_A_23_P202510)	A_23_P202510	0.00	-4.28	-6.64	-3.06
	1.00	DNAJC4	A_23_P202769;A_23_P312610	0.00	-1.42	-2.08	-1.98
	1.00	0 (SPOT_A_23_P203009)	A_23_P203009	0.00	-1.42	-1.20	-1.02
	1.00	UBE4A	A_23_P203137	0.00	-1.31	-1.40	-1.77
	1.00	0 (SPOT_A_23_P203601)	A_23_P203601	0.00	-2.05	-2.33	-1.68
	1.00	0 (SPOT_A_23_P204048)	A_23_P204048	0.00	-7.37	-7.37	-6.14
	1.00	ITFG2	A_23_P204417	0.00	-2.46	-2.65	-1.99
	1.00	0 (SPOT_A_23_P204511)	A_23_P204511	0.00	-3.68	-3.24	-3.53
	1.00	LCP1	A_23_P204847	0.00	-1.58	-1.51	-0.92
	1.00	CAB39L	A_23_P204879;A_24_P56363	0.00	-2.15	-4.07	-2.95
	1.00	0 (SPOT_A_23_P205188)	A_23_P205188	0.00	-5.87	-6.85	-5.05
	1.00	METTL17	A_23_P205529	0.00	-1.08	-1.11	-0.89
	1.00	0 (SPOT_A_23_P205584)	A_23_P205584	0.00	-1.09	-3.21	-2.38
	1.00	0 (SPOT_A_23_P205830)	A_23_P205830	0.00	-2.89	-3.47	-1.69
	1.00	SLC24A1	A_23_P205913	0.00	-4.51	-4.39	-2.93
	1.00	0 (SPOT_A_23_P206041)	A_23_P206041	0.00	-4.25	-6.48	-6.57
	1.00	0 (SPOT_A_23_P206103)	A_23_P206103	0.00	-6.39	-5.31	-3.42
	1.00	KIAA0513	A_23_P206310	0.00	-8.23	-7.93	-9.16
	1.00	CENPBD1	A_23_P206454	0.00	-3.11	-2.83	-2.41
	1.00	RAD51C	A_23_P207014	0.00	-2.19	-3.68	-1.55
	1.00	0 (SPOT_A_23_P207131)	A_23_P207131	0.00	-3.62	-4.15	-2.89
	1.00	MAP3K14	A_23_P207319	0.00	-3.47	-3.37	-1.85
	1.00	CDK20	A_23_P20752	0.00	-2.67	-4.29	-4.07
	1.00	KIAA0100	A_23_P207614	0.00	-3.25	-2.49	-2.14
	1.00	CTIF	A_23_P207967	0.00	-3.80	-4.61	-5.27
	1.00	ZNF577	A_23_P208198	0.00	-1.52	-2.81	-2.42
	1.00	CD3EAP	A_23_P208310	0.00	-2.91	-3.54	-3.17
	1.00	SPTAN1	A_23_P20832	0.00	-1.32	-2.92	-1.97
	1.00	0 (SPOT_A_23_P208334)	A_23_P208334	0.00	-5.01	-3.65	-3.27
	1.00	EMC10	A_23_P208674	0.00	-2.68	-2.86	-2.49
	1.00	0 (SPOT_A_23_P209066)	A_23_P209066	0.00	-3.76	-3.92	-4.73
	1.00	COLGALT1	A_23_P209183	0.00	-7.29	-9.13	-8.55
	1.00	0 (SPOT_A_23_P20932)	A_23_P20932	0.00	-3.25	-2.88	-2.95
	1.00	METTL21A	A_23_P209337;A_24_P854913	0.00	-5.21	-7.51	-4.68
	1.00	TRAK2	A_23_P209426	0.00	-5.35	-4.28	-2.92
	1.00	0 (SPOT_A_23_P210081)	A_23_P210081	0.00	-5.19	-6.45	-5.22
	1.00	DGKD	A_23_P210253	0.00	-2.54	-2.36	-2.03
	1.00	COX7A2L	A_23_P210348;A_24_P88800	0.00	-2.03	-2.08	-2.26
	1.00	L3MBTL1	A_23_P210445;A_23_P501961	0.00	-3.68	-3.13	-3.11
	1.00	PCMTD2	A_23_P210829	0.00	-4.20	-4.75	-4.68
	1.00	C21ORF2	A_23_P211167	0.00	-1.48	-2.90	-2.02
	1.00	SMDT1	A_23_P211584	0.00	-2.78	-5.01	-2.59
	1.00	0 (SPOT_A_23_P211773)	A_23_P211773	0.00	-2.64	-2.20	-1.96
	1.00	TBL1XR1	A_23_P212552	0.00	-3.47	-5.22	-2.60
	1.00	0 (SPOT_A_23_P212554)	A_23_P212554	0.00	-2.89	-4.26	-2.76
	1.00	0 (SPOT_A_23_P212626)	A_23_P212626	0.00	-2.66	-3.40	-3.89
	1.00	OCIAD1	A_23_P213093	0.00	-1.78	-1.75	-1.00
	1.00	0 (SPOT_A_23_P213424)	A_23_P213424	0.00	-8.37	-6.60	-5.40
	1.00	RNF44	A_23_P213592	0.00	-2.43	-3.47	-3.15
	1.00	PPARGC1B	A_23_P213959	0.00	-7.25	-6.34	-4.16
	1.00	0 (SPOT_A_23_P214594)	A_23_P214594	0.00	-1.46	-1.18	-0.81
	1.00	PID1	A_23_P21485	0.00	-14.72	-11.74	-11.31
	1.00	0 (SPOT_A_23_P214866)	A_23_P214866	0.00	-2.42	-3.69	-2.55
	1.00	SEC63	A_23_P214977;A_24_P123720	0.00	-2.83	-3.97	-3.78
	1.00	WDR91	A_23_P215132	0.00	-9.02	-6.02	-4.61
	1.00	VPS41	A_23_P215318	0.00	-2.94	-4.36	-2.02
	1.00	BAZ1B	A_23_P215449	0.00	-2.31	-2.00	-1.31
	1.00	0 (SPOT_A_23_P215642)	A_23_P215642	0.00	-3.24	-3.22	-3.89
	1.00	NDUFA5	A_23_P215751	0.00	-3.47	-4.79	-4.91
	1.00	0 (SPOT_A_23_P21644)	A_23_P21644	0.00	-3.93	-2.87	-1.97
	1.00	PTGS1	A_23_P216966;A_24_P64167	0.00	-6.50	-6.46	-7.80
	1.00	0 (SPOT_A_23_P216996)	A_23_P216996	0.00	-1.05	-2.50	-1.55
	1.00	DPM2	A_23_P217079	0.00	-0.74	-1.17	-0.95
	1.00	0 (SPOT_A_23_P217737)	A_23_P217737	0.00	-3.85	-3.62	-3.34
	1.00	RAB4A;SPHAR	A_23_P217938	0.00	-4.70	-6.70	-5.11
	1.00	0 (SPOT_A_23_P218170)	A_23_P218170	0.00	-1.23	-1.14	-1.30
	1.00	0 (SPOT_A_23_P218295)	A_23_P218295	0.00	-2.97	-4.78	-3.60
	1.00	ITGAE	A_23_P218375	0.00	-2.41	-2.25	-2.12
	1.00	0 (SPOT_A_23_P218619)	A_23_P218619	0.00	-1.30	-2.98	-1.91
	1.00	0 (SPOT_A_23_P219188)	A_23_P219188	0.00	-2.95	-3.53	-2.22
	1.00	SLC9A6	A_23_P22625	0.00	-4.91	-4.92	-2.65
	1.00	NDUFB11	A_23_P22765	0.00	-0.96	-3.16	-2.45
	1.00	PGPEP1	A_23_P22854;A_23_P327370	0.00	-4.15	-5.19	-4.09
	1.00	0 (SPOT_A_23_P23194)	A_23_P23194	0.00	-3.65	-3.13	-2.96
	1.00	AMY1A;AMY1B;AMY1C	A_23_P23611	0.00	-4.30	-4.71	-3.69
	1.00	POLR3GL	A_23_P23855	0.00	-1.48	-1.32	-1.06
	1.00	PLAU	A_23_P24104	0.00	-4.41	-5.74	-3.52
	1.00	TTC12	A_23_P24535;A_24_P73075	0.00	-1.18	-2.30	-1.87
	1.00	THYN1	A_23_P24633	0.00	-3.12	-4.20	-4.16
	1.00	KCNE3	A_23_P24948	0.00	-11.23	-8.36	-7.77
	1.00	LRRC8A	A_23_P250274	0.00	-2.03	-4.11	-2.83
	1.00	ATP6AP1	A_23_P250462	0.00	-3.70	-3.36	-2.25
	1.00	CBX7	A_23_P250735	0.00	-2.46	-3.07	-3.10
	1.00	PDHA1	A_23_P251095	0.00	-2.29	-2.44	-2.36
	1.00	LINC00852	A_23_P251268	0.00	-3.96	-4.92	-4.06
	1.00	NAA16	A_23_P251785	0.00	-4.29	-5.62	-4.26
	1.00	RMDN1	A_23_P251916	0.00	-4.88	-4.54	-3.62
	1.00	SLC25A3;SNORA53	A_23_P25204	0.00	-2.40	-2.21	-2.44
	1.00	MIS18A	A_23_P252335	0.00	-2.19	-2.50	-2.87
	1.00	MRPS26	A_23_P252536	0.00	-3.99	-3.67	-2.20
	1.00	LACTB2	A_23_P252711	0.00	-2.76	-3.37	-2.94
	1.00	0 (SPOT_A_23_P252740)	A_23_P252740	0.00	-5.27	-5.02	-6.02
	1.00	KEL	A_23_P252758	0.00	-1.77	-3.09	-1.59
	1.00	SCAP	A_23_P252825	0.00	-0.84	-1.28	-1.15
	1.00	0 (SPOT_A_23_P2537)	A_23_P2537	0.00	-4.86	-4.79	-3.06
	1.00	0 (SPOT_A_23_P253738)	A_23_P253738	0.00	-8.41	-7.83	-8.89
	1.00	0 (SPOT_A_23_P253963)	A_23_P253963	0.00	-2.82	-3.01	-2.32
	1.00	RANGRF	A_23_P254498	0.00	-3.00	-3.39	-2.09
	1.00	SMPD4	A_23_P255286	0.00	-0.67	-1.30	-1.01
	1.00	0 (SPOT_A_23_P256051)	A_23_P256051	0.00	-1.53	-2.01	-1.35
	1.00	RPL23AP82;RPL23AP7;RPL23AP25;CENPBD1P1;RPL23AP4;RPL23AP87	A_23_P256059	0.00	-3.63	-3.30	-3.71
	1.00	SNX13	A_23_P256342;A_24_P200848	0.00	-2.01	-2.82	-2.10
	1.00	NUP214	A_23_P257091	0.00	-1.10	-2.01	-1.08
	1.00	TMEM117	A_23_P2573	0.00	-4.11	-8.10	-6.90
	1.00	HERC1	A_23_P257503	0.00	-3.59	-2.47	-2.01
	1.00	SHB	A_23_P257743	0.00	-4.42	-5.19	-4.89
	1.00	AGPAT1;MIR6721	A_23_P258093	0.00	-2.06	-2.93	-1.28
	1.00	ABCC5	A_23_P258221	0.00	-8.44	-7.48	-8.23
	1.00	PPIAL4G;PPIAP29;PPIAP6;PPIA;PPIAP31;PPIAL4C	A_23_P258340	0.00	-2.08	-3.14	-1.98
	1.00	FNTB	A_23_P25835	0.00	-1.99	-3.23	-3.21
	1.00	SLC45A2	A_23_P259049	0.00	-2.00	-3.62	-3.09
	1.00	WSB2	A_23_P259272	0.00	-2.82	-3.09	-2.00
	1.00	C6ORF203	A_23_P259333	0.00	-1.31	-1.96	-2.06
	1.00	0 (SPOT_A_23_P259771)	A_23_P259771	0.00	-5.45	-6.84	-4.90
	1.00	0 (SPOT_A_23_P26143)	A_23_P26143	0.00	-3.75	-5.75	-3.96
	1.00	PYCARD	A_23_P26629	0.00	-2.59	-4.78	-3.80
	1.00	MARF1	A_23_P26674	0.00	-3.79	-3.21	-3.26
	1.00	TMEM186	A_23_P26687	0.00	-1.85	-2.10	-1.61
	1.00	0 (SPOT_A_23_P26746)	A_23_P26746	0.00	-2.58	-3.41	-1.79
	1.00	NUP85	A_23_P26777	0.00	-2.43	-3.55	-2.90
	1.00	0 (SPOT_A_23_P26916)	A_23_P26916	0.00	-2.74	-3.52	-2.32
	1.00	NAGLU	A_23_P26945	0.00	-3.21	-3.30	-3.68
	1.00	VAT1	A_23_P26954;A_24_P152527	0.00	-4.49	-3.99	-3.95
	1.00	DHRS11	A_23_P27005	0.00	-3.35	-5.27	-3.77
	1.00	GABARAP	A_23_P27075	0.00	-4.21	-4.17	-2.80
	1.00	ANAPC11	A_23_P27147	0.00	-1.49	-3.01	-2.36
	1.00	RPL21;RPL21P39;RPL21P93;RPL21P75;RPL21P16;RPL21P28;SNORD102;SNORA27	A_23_P2725	0.00	-2.10	-2.01	-2.42
	1.00	CALR3	A_23_P27538	0.00	-1.32	-1.45	-0.75
	1.00	STX10	A_23_P28084;A_23_P28090	0.00	-2.35	-6.38	-4.96
	1.00	0 (SPOT_A_23_P28213)	A_23_P28213	0.00	-3.16	-4.16	-2.66
	1.00	CBR1	A_23_P29046	0.00	-3.05	-2.55	-2.71
	1.00	0 (SPOT_A_23_P29263)	A_23_P29263	0.00	-2.54	-2.45	-2.05
	1.00	SPCS1	A_23_P29630	0.00	-1.64	-1.31	-1.24
	1.00	NCKIPSD	A_23_P29638	0.00	-2.40	-3.03	-1.20
	1.00	OXA1L	A_23_P2998	0.00	-2.20	-2.85	-1.88
	1.00	NFATC1	A_23_P300150;A_24_P258846	0.00	-2.26	-2.60	-2.86
	1.00	PLA2G12A	A_23_P30020;A_24_P706752	0.00	-4.83	-7.28	-6.11
	1.00	TAPT1	A_23_P301372;A_24_P921327	0.00	-2.37	-2.36	-1.60
	1.00	FAM174A	A_23_P30283	0.00	-1.47	-1.71	-1.07
	1.00	ZXDC	A_23_P303317	0.00	-3.37	-2.47	-2.12
	1.00	SLAIN2	A_23_P303423	0.00	-3.31	-3.99	-3.90
	1.00	HLCS	A_23_P304991	0.00	-5.85	-4.49	-4.36
	1.00	0 (SPOT_A_23_P305321)	A_23_P305321	0.00	-2.64	-4.57	-2.99
	1.00	0 (SPOT_A_23_P307624)	A_23_P307624	0.00	-6.42	-5.79	-6.21
	1.00	TAOK2	A_23_P308673	0.00	-1.42	-1.93	-2.05
	1.00	0 (SPOT_A_23_P309207)	A_23_P309207	0.00	-5.74	-5.67	-4.99
	1.00	HENMT1	A_23_P309361	0.00	-5.96	-5.69	-4.60
	1.00	ZNF449	A_23_P309865	0.00	-2.09	-1.62	-1.38
	1.00	ATG14	A_23_P309989	0.00	-0.69	-1.87	-1.56
	1.00	NUP43	A_23_P31055	0.00	-1.69	-3.94	-3.43
	1.00	0 (SPOT_A_23_P3111)	A_23_P3111	0.00	-3.26	-2.72	-1.77
	1.00	SPTSSA	A_23_P311150	0.00	-2.19	-2.96	-1.24
	1.00	ACOT13	A_23_P31116	0.00	-4.26	-4.45	-4.80
	1.00	0 (SPOT_A_23_P31188)	A_23_P31188	0.00	-3.77	-4.30	-2.31
	1.00	ALMS1	A_23_P312174	0.00	-2.80	-3.79	-3.19
	1.00	0 (SPOT_A_23_P312217)	A_23_P312217	0.00	-0.95	-1.04	-0.98
	1.00	GAL3ST4	A_23_P31240	0.00	-1.98	-3.68	-3.40
	1.00	PMEL	A_23_P312851	0.00	-2.15	-1.64	-1.52
	1.00	0 (SPOT_A_23_P313603)	A_23_P313603	0.00	-2.33	-2.74	-2.15
	1.00	0 (SPOT_A_23_P313640)	A_23_P313640	0.00	-6.32	-4.77	-4.21
	1.00	0 (SPOT_A_23_P314250)	A_23_P314250	0.00	-9.30	-8.99	-9.75
	1.00	NUDCD3	A_23_P31477	0.00	-1.10	-1.55	-1.02
	1.00	PIN4	A_23_P315345	0.00	-2.35	-5.55	-4.49
	1.00	KIAA0930	A_23_P315589	0.00	-5.41	-5.74	-5.50
	1.00	ST6GALNAC6	A_23_P315892	0.00	-1.24	-2.83	-1.83
	1.00	IFT80	A_23_P316150	0.00	-3.08	-3.55	-2.88
	1.00	0 (SPOT_A_23_P3169)	A_23_P3169	0.00	-1.98	-2.53	-1.46
	1.00	ST18	A_23_P31858	0.00	-4.03	-6.29	-4.40
	1.00	CYHR1	A_23_P318604;A_24_P40978;A_24_P89843	0.00	-1.74	-1.48	-1.53
	1.00	TCAIM	A_23_P319874;A_23_P373054	0.00	-2.13	-2.35	-2.12
	1.00	NDUFA11	A_23_P320185	0.00	-1.03	-2.30	-2.03
	1.00	0 (SPOT_A_23_P320304)	A_23_P320304	0.00	-2.54	-5.22	-4.74
	1.00	DTWD1	A_23_P3212;A_24_P70117	0.00	-2.59	-3.60	-2.12
	1.00	PEX11G	A_23_P321466	0.00	-2.97	-4.57	-4.74
	1.00	0 (SPOT_A_23_P321485)	A_23_P321485	0.00	-5.48	-4.89	-4.37
	1.00	0 (SPOT_A_23_P3215)	A_23_P3215	0.00	-2.51	-3.98	-2.20
	1.00	0 (SPOT_A_23_P321630)	A_23_P321630	0.00	-3.47	-3.36	-3.55
	1.00	CIZ1	A_23_P32223	0.00	-1.63	-1.68	-1.21
	1.00	0 (SPOT_A_23_P32229)	A_23_P32229	0.00	-2.43	-2.62	-1.76
	1.00	0 (SPOT_A_23_P32294)	A_23_P32294	0.00	-2.45	-3.24	-1.87
	1.00	0 (SPOT_A_23_P3242)	A_23_P3242	0.00	-6.43	-6.05	-6.56
	1.00	SYNJ1	A_23_P324718	0.00	-2.81	-3.51	-1.56
	1.00	KIAA0232	A_23_P327069	0.00	-5.71	-5.14	-5.41
	1.00	0 (SPOT_A_23_P328729)	A_23_P328729	0.00	-6.44	-5.34	-3.38
	1.00	CNRIP1	A_23_P329353	0.00	-4.49	-5.33	-2.82
	1.00	MED23	A_23_P330999	0.00	-1.01	-1.61	-1.46
	1.00	STAU2	A_23_P33154;A_24_P374634	0.00	-2.92	-4.15	-2.06
	1.00	PYGB	A_23_P331670	0.00	-3.43	-3.85	-3.86
	1.00	TTYH3	A_23_P331895	0.00	-2.08	-5.07	-4.06
	1.00	0 (SPOT_A_23_P33256)	A_23_P33256	0.00	-1.29	-2.03	-1.07
	1.00	HERC2	A_23_P33407	0.00	-2.65	-2.80	-1.68
	1.00	MAZ	A_23_P33433	0.00	-2.25	-3.29	-2.90
	1.00	0 (SPOT_A_23_P33511)	A_23_P33511	0.00	-6.43	-5.57	-5.33
	1.00	0 (SPOT_A_23_P335190)	A_23_P335190	0.00	-5.20	-4.43	-3.18
	1.00	0 (SPOT_A_23_P337729)	A_23_P337729	0.00	-3.68	-2.76	-2.58
	1.00	TPRG1L	A_23_P339773	0.00	-2.89	-2.42	-1.60
	1.00	ISCU	A_23_P340158	0.00	-4.97	-3.91	-2.81
	1.00	0 (SPOT_A_23_P340382)	A_23_P340382	0.00	-5.40	-5.28	-5.87
	1.00	XPOT	A_23_P340722	0.00	-4.27	-3.73	-3.24
	1.00	CAPN10	A_23_P341349	0.00	-1.42	-1.36	-1.16
	1.00	0 (SPOT_A_23_P341392)	A_23_P341392	0.00	-1.82	-2.62	-2.03
	1.00	0 (SPOT_A_23_P341418)	A_23_P341418	0.00	-2.71	-3.04	-2.38
	1.00	SETDB2;SNRPGP14	A_23_P341532	0.00	-7.02	-6.56	-3.62
	1.00	0 (SPOT_A_23_P341537)	A_23_P341537	0.00	-7.23	-6.34	-4.46
	1.00	OARD1	A_23_P342091	0.00	-0.52	-1.08	-0.95
	1.00	0 (SPOT_A_23_P342118)	A_23_P342118	0.00	-1.10	-1.52	-0.61
	1.00	0 (SPOT_A_23_P343843)	A_23_P343843	0.00	-4.18	-3.06	-2.21
	1.00	ZIK1	A_23_P344281	0.00	-1.31	-4.51	-3.28
	1.00	0 (SPOT_A_23_P345778)	A_23_P345778	0.00	-3.32	-3.88	-4.11
	1.00	CDA	A_23_P34597	0.00	-2.22	-2.58	-2.97
	1.00	ZMAT2	A_23_P346302	0.00	-1.92	-1.90	-2.18
	1.00	0 (SPOT_A_23_P347128)	A_23_P347128	0.00	-3.11	-2.95	-1.90
	1.00	SAC3D1	A_23_P348298	0.00	-5.81	-4.74	-3.79
	1.00	CHP2	A_23_P349463	0.00	-1.87	-2.00	-1.72
	1.00	0 (SPOT_A_23_P349615)	A_23_P349615	0.00	-2.41	-1.79	-1.62
	1.00	FBXO41	A_23_P349676	0.00	-4.27	-3.14	-2.79
	1.00	0 (SPOT_A_23_P349928)	A_23_P349928	0.00	-2.14	-3.32	-3.12
	1.00	0 (SPOT_A_23_P350045)	A_23_P350045	0.00	-3.77	-5.90	-6.02
	1.00	ALG6	A_23_P35168	0.00	-1.15	-2.16	-1.87
	1.00	0 (SPOT_A_23_P352022)	A_23_P352022	0.00	-1.66	-1.84	-1.80
	1.00	POLR2C	A_23_P3527	0.00	-1.36	-1.94	-1.36
	1.00	0 (SPOT_A_23_P352957)	A_23_P352957	0.00	-0.91	-2.24	-1.87
	1.00	ZNF248	A_23_P35343;A_24_P419276	0.00	-5.44	-7.44	-3.04
	1.00	CISD1	A_23_P35467;A_24_P38754	0.00	-2.63	-5.99	-5.07
	1.00	PCDHGA3;PCDHGA1;PCDHGA7;PCDHGA4;PCDHGC3;PCDHGB4;PCDHGC4;PCDHGA11;PCDHGB2;PCDHGC5;PCDHGA8;PCDHGA2;PCDHGA5;PCDHGB7;PCDHGA10;PCDHGA9;PCDHGB5;PCDHGB3;PCDHGA6;PCDHGB6;PCDHGA12;PCDHGB1	A_23_P354734	0.00	-1.68	-2.10	-1.53
	1.00	COQ10A	A_23_P354798	0.00	-2.62	-2.20	-1.45
	1.00	SCD5	A_23_P354965;A_24_P385134	0.00	-2.67	-2.02	-1.52
	1.00	PPP6C	A_23_P355385;A_24_P81298	0.00	-3.33	-3.29	-2.34
	1.00	0 (SPOT_A_23_P357995)	A_23_P357995	0.00	-2.35	-1.84	-1.63
	1.00	0 (SPOT_A_23_P3584)	A_23_P3584	0.00	-5.68	-4.53	-4.29
	1.00	0 (SPOT_A_23_P358555)	A_23_P358555	0.00	-2.05	-4.25	-2.83
	1.00	0 (SPOT_A_23_P358628)	A_23_P358628	0.00	-2.63	-4.11	-2.21
	1.00	SLC37A4	A_23_P35970	0.00	-2.09	-2.87	-1.78
	1.00	NEURL4	A_23_P360179	0.00	-0.55	-1.17	-1.04
	1.00	NUDT7	A_23_P3602	0.00	-2.18	-5.03	-3.40
	1.00	0 (SPOT_A_23_P36147)	A_23_P36147	0.00	-2.04	-2.72	-1.12
	1.00	0 (SPOT_A_23_P361679)	A_23_P361679	0.00	-3.66	-4.84	-3.91
	1.00	LINC00324	A_23_P362191	0.00	-4.16	-4.25	-4.12
	1.00	0 (SPOT_A_23_P3632)	A_23_P3632	0.00	-2.96	-3.98	-1.69
	1.00	INPPL1	A_23_P36322	0.00	-2.91	-3.19	-3.92
	1.00	RXFP3	A_23_P363365	0.00	-2.14	-4.59	-4.03
	1.00	0 (SPOT_A_23_P363896)	A_23_P363896	0.00	-1.82	-5.12	-4.07
	1.00	MIS18BP1	A_23_P364107	0.00	-1.56	-2.24	-1.59
	1.00	MCRIP2	A_23_P3663	0.00	-4.17	-3.16	-3.00
	1.00	SLC25A35	A_23_P366726	0.00	-4.52	-4.11	-4.67
	1.00	ALDH2	A_23_P36753	0.00	-0.99	-1.36	-1.06
	1.00	EID2B	A_23_P368259	0.00	-1.85	-2.21	-2.53
	1.00	SPRYD7	A_23_P368718	0.00	-3.75	-2.94	-2.25
	1.00	0 (SPOT_A_23_P368729)	A_23_P368729	0.00	-3.16	-2.39	-1.64
	1.00	LRRC56	A_23_P368996	0.00	-1.11	-1.50	-1.27
	1.00	0 (SPOT_A_23_P369201)	A_23_P369201	0.00	-6.41	-6.66	-8.57
	1.00	POLR1D	A_23_P36928;A_23_P409541	0.00	-1.99	-2.10	-2.00
	1.00	RANBP10	A_23_P369733	0.00	-2.54	-3.75	-1.79
	1.00	0 (SPOT_A_23_P369919)	A_23_P369919	0.00	-4.94	-4.81	-4.17
	1.00	CACTIN	A_23_P372144	0.00	-1.11	-1.39	-0.61
	1.00	CIPC	A_23_P372925	0.00	-7.69	-6.25	-4.32
	1.00	0 (SPOT_A_23_P373716)	A_23_P373716	0.00	-4.02	-4.28	-2.98
	1.00	0 (SPOT_A_23_P374812)	A_23_P374812	0.00	-3.34	-2.99	-3.00
	1.00	TRPV1	A_23_P375281	0.00	-3.75	-5.88	-3.55
	1.00	0 (SPOT_A_23_P375494)	A_23_P375494	0.00	-7.64	-10.40	-8.06
	1.00	0 (SPOT_A_23_P37636)	A_23_P37636	0.00	-4.37	-5.72	-4.49
	1.00	ADRA2B	A_23_P378926	0.00	-5.14	-5.73	-7.01
	1.00	NAGPA	A_23_P38041	0.00	-2.13	-3.07	-2.70
	1.00	0 (SPOT_A_23_P380848)	A_23_P380848	0.00	-2.39	-3.06	-1.42
	1.00	0 (SPOT_A_23_P381431)	A_23_P381431	0.00	-4.29	-7.13	-5.45
	1.00	0 (SPOT_A_23_P381954)	A_23_P381954	0.00	-3.70	-3.97	-2.11
	1.00	TULP4	A_23_P382045	0.00	-8.40	-8.71	-7.82
	1.00	PRPF8	A_23_P38219	0.00	-2.68	-3.58	-2.33
	1.00	CHST15	A_23_P383986	0.00	-4.66	-3.74	-2.96
	1.00	CCDC14	A_23_P384056	0.00	-1.88	-2.44	-1.20
	1.00	0 (SPOT_A_23_P385267)	A_23_P385267	0.00	-2.49	-2.15	-1.67
	1.00	FAM110A	A_23_P386241	0.00	-3.46	-3.96	-4.16
	1.00	ZBTB40	A_23_P387523	0.00	-3.55	-4.02	-2.31
	1.00	0 (SPOT_A_23_P388146)	A_23_P388146	0.00	-2.82	-3.35	-3.96
	1.00	0 (SPOT_A_23_P388244)	A_23_P388244	0.00	-1.33	-1.28	-1.43
	1.00	ZNF552	A_23_P38830	0.00	-1.45	-1.76	-1.64
	1.00	SLC22A15	A_23_P388900	0.00	-5.41	-5.09	-3.89
	1.00	RALGPS1	A_23_P390148;A_32_P221991	0.00	-1.63	-4.21	-3.39
	1.00	WDR83	A_23_P39024	0.00	-1.68	-1.89	-1.24
	1.00	FOPNL	A_23_P390744	0.00	-7.71	-7.03	-4.43
	1.00	0 (SPOT_A_23_P391198)	A_23_P391198	0.00	-1.44	-1.81	-2.06
	1.00	0 (SPOT_A_23_P392435)	A_23_P392435	0.00	-3.76	-6.13	-5.92
	1.00	SNAP47	A_23_P393607	0.00	-1.46	-1.59	-1.00
	1.00	CNOT7	A_23_P394166	0.00	-3.64	-3.05	-2.01
	1.00	0 (SPOT_A_23_P394276)	A_23_P394276	0.00	-1.37	-2.30	-1.47
	1.00	0 (SPOT_A_23_P39445)	A_23_P39445	0.00	-2.44	-6.25	-3.89
	1.00	NIN	A_23_P396353;A_24_P412512	0.00	-3.13	-3.16	-3.84
	1.00	COA5	A_23_P39910	0.00	-2.79	-3.07	-2.44
	1.00	GAPT	A_23_P402319	0.00	-8.38	-9.18	-9.29
	1.00	0 (SPOT_A_23_P402908)	A_23_P402908	0.00	-4.12	-4.48	-4.42
	1.00	DZANK1	A_23_P40315	0.00	-1.20	-1.73	-1.10
	1.00	YAE1D1	A_23_P403521	0.00	-1.62	-1.62	-1.30
	1.00	CCNQ	A_23_P404005	0.00	-2.61	-3.07	-1.53
	1.00	0 (SPOT_A_23_P406957)	A_23_P406957	0.00	-2.42	-2.93	-1.44
	1.00	PIP4K2B	A_23_P407115;A_24_P245246	0.00	-3.31	-5.16	-3.75
	1.00	CLN8	A_23_P407206	0.00	-12.05	-11.60	-9.51
	1.00	PYDC1	A_23_P407614	0.00	-1.52	-2.53	-2.35
	1.00	HSD17B11	A_23_P408271	0.00	-1.97	-2.89	-2.23
	1.00	SLC25A36	A_23_P408455	0.00	-1.56	-1.72	-1.04
	1.00	0 (SPOT_A_23_P410673)	A_23_P410673	0.00	-1.30	-2.46	-2.33
	1.00	0 (SPOT_A_23_P411431)	A_23_P411431	0.00	-4.37	-3.63	-3.36
	1.00	PLAG1	A_23_P411723	0.00	-2.20	-2.52	-2.83
	1.00	0 (SPOT_A_23_P41286)	A_23_P41286	0.00	-4.52	-4.75	-2.30
	1.00	CTBP1	A_23_P41292	0.00	-4.09	-3.29	-2.74
	1.00	0 (SPOT_A_23_P41390)	A_23_P41390	0.00	-6.06	-7.31	-3.78
	1.00	UFSP2	A_23_P41437	0.00	-1.59	-2.84	-2.15
	1.00	ZNF584	A_23_P414964	0.00	-1.40	-2.83	-2.15
	1.00	0 (SPOT_A_23_P416477)	A_23_P416477	0.00	-0.92	-1.72	-1.58
	1.00	0 (SPOT_A_23_P417144)	A_23_P417144	0.00	-3.96	-3.52	-2.61
	1.00	RAI1	A_23_P417148	0.00	-1.48	-1.46	-1.39
	1.00	0 (SPOT_A_23_P417575)	A_23_P417575	0.00	-2.93	-3.86	-3.41
	1.00	ACSF2	A_23_P4190	0.00	-2.58	-2.70	-2.66
	1.00	BRK1	A_23_P420361;A_24_P157342	0.00	-1.13	-2.67	-1.61
	1.00	0 (SPOT_A_23_P42163)	A_23_P42163	0.00	-2.24	-3.41	-3.14
	1.00	0 (SPOT_A_23_P422026)	A_23_P422026	0.00	-4.12	-6.15	-5.78
	1.00	NSMCE2	A_23_P422794	0.00	-2.94	-3.32	-2.52
	1.00	0 (SPOT_A_23_P42322)	A_23_P42322	0.00	-2.35	-4.72	-3.29
	1.00	SGCG	A_23_P423237	0.00	-6.89	-9.87	-9.79
	1.00	0 (SPOT_A_23_P423419)	A_23_P423419	0.00	-2.71	-4.57	-4.57
	1.00	0 (SPOT_A_23_P424401)	A_23_P424401	0.00	-2.86	-2.89	-1.87
	1.00	CCDC142	A_23_P424712	0.00	-2.49	-2.47	-1.37
	1.00	MAST3	A_23_P426196	0.00	-1.99	-2.90	-2.54
	1.00	M1AP	A_23_P427747	0.00	-3.67	-7.56	-6.77
	1.00	STK31	A_23_P42784	0.00	-4.15	-3.75	-4.09
	1.00	0 (SPOT_A_23_P428326)	A_23_P428326	0.00	-2.43	-2.39	-1.35
	1.00	0 (SPOT_A_23_P428875)	A_23_P428875	0.00	-2.59	-3.88	-1.82
	1.00	0 (SPOT_A_23_P428992)	A_23_P428992	0.00	-4.44	-4.64	-3.43
	1.00	INTS8	A_23_P43079	0.00	-2.40	-3.86	-2.34
	1.00	0 (SPOT_A_23_P431360)	A_23_P431360	0.00	-7.24	-9.92	-8.08
	1.00	0 (SPOT_A_23_P433820)	A_23_P433820	0.00	-2.91	-4.31	-1.92
	1.00	LFNG;MIR4648	A_23_P434518;A_23_P8452	0.00	-2.09	-2.58	-2.22
	1.00	0 (SPOT_A_23_P434548)	A_23_P434548	0.00	-1.74	-1.88	-2.12
	1.00	SARNP	A_23_P43946	0.00	-1.63	-1.85	-0.86
	1.00	RPL35A	A_23_P44956	0.00	-2.68	-1.81	-1.35
	1.00	MRPL13	A_23_P44974	0.00	-1.31	-2.69	-1.73
	1.00	0 (SPOT_A_23_P44993)	A_23_P44993	0.00	-2.63	-3.06	-3.62
	1.00	VEGFD	A_23_P45185	0.00	-9.45	-8.91	-7.34
	1.00	XK	A_23_P45304	0.00	-3.51	-2.81	-2.59
	1.00	HTATSF1	A_23_P45345	0.00	-1.62	-2.12	-1.36
	1.00	0 (SPOT_A_23_P46588)	A_23_P46588	0.00	-9.30	-8.67	-6.31
	1.00	BTRC	A_23_P46819	0.00	-1.72	-1.51	-1.17
	1.00	SLC29A3	A_23_P46871	0.00	-5.46	-4.99	-5.03
	1.00	CAMK2G	A_23_P46903;A_24_P141332	0.00	-2.62	-4.30	-3.54
	1.00	CUZD1	A_23_P47058	0.00	-3.22	-7.31	-5.04
	1.00	BANF1	A_23_P47208	0.00	-1.71	-1.99	-1.20
	1.00	ST14	A_23_P47282	0.00	-2.17	-2.44	-2.75
	1.00	0 (SPOT_A_23_P4764)	A_23_P4764	0.00	-6.49	-12.08	-11.59
	1.00	TM7SF3	A_23_P47857;A_32_P52816	0.00	-5.87	-6.57	-4.71
	1.00	0 (SPOT_A_23_P47863)	A_23_P47863	0.00	-4.41	-5.13	-2.35
	1.00	IFT88	A_23_P48339	0.00	-4.20	-4.61	-5.71
	1.00	PCCA	A_23_P48358	0.00	-4.16	-3.98	-4.53
	1.00	0 (SPOT_A_23_P48438)	A_23_P48438	0.00	-3.57	-4.24	-2.86
	1.00	ADAM10	A_23_P48886	0.00	-3.16	-3.45	-4.13
	1.00	SNRNP70	A_23_P4909	0.00	-2.86	-2.62	-2.87
	1.00	0 (SPOT_A_23_P49327)	A_23_P49327	0.00	-2.78	-2.95	-1.81
	1.00	NUDT16L1	A_23_P49429	0.00	-2.40	-3.02	-3.17
	1.00	0 (SPOT_A_23_P49597)	A_23_P49597	0.00	-1.92	-2.73	-1.03
	1.00	CARD9	A_23_P500433	0.00	-6.90	-8.00	-6.76
	1.00	CASP6	A_23_P500799	0.00	-1.20	-1.94	-1.34
	1.00	KAT14	A_23_P501435	0.00	-4.78	-5.19	-3.97
	1.00	ADCY6	A_23_P501547	0.00	-3.67	-4.06	-4.40
	1.00	ZNF671	A_23_P50217	0.00	-1.78	-2.02	-2.02
	1.00	0 (SPOT_A_23_P502488)	A_23_P502488	0.00	-3.26	-4.86	-2.84
	1.00	SHMT1	A_23_P502654;A_24_P205364	0.00	-4.43	-5.88	-6.59
	1.00	RBM12	A_23_P502832	0.00	-6.04	-5.14	-4.38
	1.00	SLC24A4	A_23_P503010	0.00	-3.17	-3.29	-3.43
	1.00	ARHGEF18	A_23_P50357	0.00	-2.37	-2.01	-1.26
	1.00	0 (SPOT_A_23_P50575)	A_23_P50575	0.00	-2.26	-2.70	-1.62
	1.00	KCNK6	A_23_P50591	0.00	-1.66	-3.19	-2.70
	1.00	0 (SPOT_A_23_P50722)	A_23_P50722	0.00	-0.85	-1.09	-0.95
	1.00	MGST3	A_23_P51548	0.00	-4.17	-4.73	-2.72
	1.00	0 (SPOT_A_23_P51797)	A_23_P51797	0.00	-2.13	-3.51	-1.69
	1.00	CYB5R1	A_23_P52101	0.00	-7.97	-6.75	-7.04
	1.00	ACBD6	A_23_P52127	0.00	-3.47	-3.52	-2.01
	1.00	0 (SPOT_A_23_P52806)	A_23_P52806	0.00	-2.32	-4.75	-3.33
	1.00	DPY30	A_23_P5389	0.00	-3.89	-3.39	-3.38
	1.00	HECTD1	A_23_P54006	0.00	-4.17	-5.00	-4.08
	1.00	NIF3L1	A_23_P5415	0.00	-3.53	-4.52	-3.39
	1.00	0 (SPOT_A_23_P54243)	A_23_P54243	0.00	-3.00	-3.37	-3.59
	1.00	EIF2AK4	A_23_P54540	0.00	-3.86	-4.07	-4.93
	1.00	GDE1	A_23_P54758	0.00	-3.97	-3.40	-2.79
	1.00	ATP6V0C	A_23_P54816	0.00	-3.86	-5.34	-4.20
	1.00	FTSJ3	A_23_P55091	0.00	-0.65	-1.29	-0.93
	1.00	0 (SPOT_A_23_P55136)	A_23_P55136	0.00	-1.65	-2.46	-1.35
	1.00	ZNF652	A_23_P55256	0.00	-6.78	-6.43	-4.37
	1.00	0 (SPOT_A_23_P56069)	A_23_P56069	0.00	-3.76	-3.98	-3.95
	1.00	0 (SPOT_A_23_P56316)	A_23_P56316	0.00	-5.82	-5.62	-4.84
	1.00	GEMIN6	A_23_P56567	0.00	-3.30	-3.22	-2.83
	1.00	PCNT	A_23_P57347	0.00	-2.71	-3.88	-3.29
	1.00	LZTR1	A_23_P57401	0.00	-1.26	-0.93	-0.75
	1.00	MCCC1	A_23_P58036	0.00	-2.25	-2.65	-2.82
	1.00	0 (SPOT_A_23_P58207)	A_23_P58207	0.00	-1.50	-2.33	-1.98
	1.00	MGAT1	A_23_P58482	0.00	-1.85	-1.67	-1.00
	1.00	0 (SPOT_A_23_P58604)	A_23_P58604	0.00	-2.02	-3.67	-3.04
	1.00	0 (SPOT_A_23_P59255)	A_23_P59255	0.00	-1.50	-1.81	-1.79
	1.00	0 (SPOT_A_23_P5936)	A_23_P5936	0.00	-4.62	-6.47	-5.58
	1.00	0 (SPOT_A_23_P59470)	A_23_P59470	0.00	-1.00	-1.33	-0.98
	1.00	LUC7L2	A_23_P59787	0.00	-2.24	-3.11	-2.28
	1.00	0 (SPOT_A_23_P59791)	A_23_P59791	0.00	-1.86	-2.10	-1.04
	1.00	0 (SPOT_A_23_P60069)	A_23_P60069	0.00	-2.76	-3.19	-2.60
	1.00	0 (SPOT_A_23_P60506)	A_23_P60506	0.00	-1.62	-2.02	-0.94
	1.00	KCNMA1	A_23_P60727;A_24_P156490;A_32_P181222;A_32_P192692	0.00	-4.72	-8.37	-4.24
	1.00	0 (SPOT_A_23_P6085)	A_23_P6085	0.00	-3.55	-3.49	-2.52
	1.00	BAIAP2	A_23_P61810;A_24_P159648	0.00	-3.61	-5.47	-3.94
	1.00	UROD	A_23_P63050	0.00	-2.39	-2.63	-2.52
	1.00	MTMR2	A_23_P64019;A_24_P406830	0.00	-1.72	-1.89	-1.15
	1.00	0 (SPOT_A_23_P64090)	A_23_P64090	0.00	-2.06	-2.56	-1.62
	1.00	ARHGAP9	A_23_P64661	0.00	-2.35	-3.69	-3.06
	1.00	0 (SPOT_A_23_P64785)	A_23_P64785	0.00	-1.86	-1.53	-1.35
	1.00	0 (SPOT_A_23_P6481)	A_23_P6481	0.00	-4.02	-5.35	-5.91
	1.00	USP5	A_23_P64954	0.00	-1.87	-1.90	-1.68
	1.00	0 (SPOT_A_23_P65000)	A_23_P65000	0.00	-6.80	-6.41	-6.54
	1.00	0 (SPOT_A_23_P65110)	A_23_P65110	0.00	-5.07	-4.25	-3.16
	1.00	GLRX5	A_23_P65370	0.00	-3.71	-5.40	-5.14
	1.00	TUBGCP6	A_23_P6546	0.00	-1.45	-1.44	-1.55
	1.00	HDDC3	A_23_P65830	0.00	-2.13	-4.13	-2.66
	1.00	0 (SPOT_A_23_P6589)	A_23_P6589	0.00	-1.97	-1.97	-1.08
	1.00	0 (SPOT_A_23_P66063)	A_23_P66063	0.00	-3.49	-3.63	-3.65
	1.00	0 (SPOT_A_23_P66100)	A_23_P66100	0.00	-4.66	-5.97	-4.09
	1.00	0 (SPOT_A_23_P66219)	A_23_P66219	0.00	-3.92	-3.58	-2.51
	1.00	RPAIN	A_23_P66766;A_24_P36097	0.00	-0.51	-1.27	-0.80
	1.00	FAM106A	A_23_P66827	0.00	-3.31	-5.90	-3.72
	1.00	0 (SPOT_A_23_P6688)	A_23_P6688	0.00	-2.42	-3.65	-2.36
	1.00	RCN3	A_23_P67339	0.00	-1.11	-2.42	-1.33
	1.00	0 (SPOT_A_23_P67708)	A_23_P67708	0.00	-3.82	-4.19	-2.96
	1.00	MCM8	A_23_P68547	0.00	-1.39	-2.72	-1.62
	1.00	UQCR10	A_23_P68866;A_24_P66001	0.00	-2.51	-3.52	-2.80
	1.00	TXN2	A_23_P68899	0.00	-2.74	-3.13	-2.05
	1.00	OSBPL11	A_23_P6914	0.00	-4.52	-4.97	-4.14
	1.00	EMC3	A_23_P69226	0.00	-1.69	-2.35	-1.27
	1.00	TMED9	A_23_P70127	0.00	-3.31	-5.74	-5.29
	1.00	COPS5	A_23_P71419	0.00	-1.53	-1.59	-1.65
	1.00	0 (SPOT_A_23_P71430)	A_23_P71430	0.00	-1.87	-1.63	-1.31
	1.00	0 (SPOT_A_23_P72059)	A_23_P72059	0.00	-5.29	-4.18	-3.46
	1.00	MRPS22	A_23_P72138	0.00	-1.22	-1.29	-1.30
	1.00	0 (SPOT_A_23_P7262)	A_23_P7262	0.00	-5.33	-4.47	-3.40
	1.00	LAGE3	A_23_P73763	0.00	-3.64	-4.96	-3.59
	1.00	MOSPD1	A_23_P73835	0.00	-2.03	-2.61	-2.20
	1.00	0 (SPOT_A_23_P74034)	A_23_P74034	0.00	-4.23	-4.81	-3.59
	1.00	LINC00339	A_23_P74252	0.00	-3.79	-4.60	-4.62
	1.00	0 (SPOT_A_23_P74391)	A_23_P74391	0.00	-6.69	-7.04	-6.02
	1.00	0 (SPOT_A_23_P74550)	A_23_P74550	0.00	-3.63	-3.08	-1.98
	1.00	DCLRE1A	A_23_P75038	0.00	-1.95	-1.76	-1.28
	1.00	NDUFS3	A_23_P75402	0.00	-3.03	-5.20	-4.29
	1.00	0 (SPOT_A_23_P76151)	A_23_P76151	0.00	-2.86	-3.10	-3.80
	1.00	0 (SPOT_A_23_P76450)	A_23_P76450	0.00	-1.33	-2.56	-2.32
	1.00	NDUFA12	A_23_P76557	0.00	-4.37	-3.59	-2.90
	1.00	RTN3	A_23_P76684	0.00	-2.76	-4.89	-4.47
	1.00	TIMM9	A_23_P76918	0.00	-2.61	-2.95	-3.37
	1.00	VASH1	A_23_P77000	0.00	-6.34	-8.26	-6.58
	1.00	0 (SPOT_A_23_P77049)	A_23_P77049	0.00	-2.95	-4.43	-4.25
	1.00	ZNF106	A_23_P77310	0.00	-4.97	-6.39	-6.55
	1.00	GCHFR	A_23_P77328	0.00	-1.32	-4.06	-3.20
	1.00	NAE1	A_23_P77459	0.00	-1.30	-1.50	-1.24
	1.00	RPL19	A_23_P77779	0.00	-2.16	-1.86	-2.07
	1.00	FN3KRP	A_23_P77813	0.00	-2.23	-3.05	-2.91
	1.00	0 (SPOT_A_23_P78429)	A_23_P78429	0.00	-1.07	-1.88	-1.09
	1.00	DENND1C	A_23_P78608	0.00	-1.63	-2.40	-1.59
	1.00	FARSA	A_23_P78685	0.00	-2.19	-1.72	-1.33
	1.00	EHD3	A_23_P79251	0.00	-2.70	-2.09	-1.77
	1.00	0 (SPOT_A_23_P79510)	A_23_P79510	0.00	-2.19	-3.49	-1.92
	1.00	MKKS	A_23_P79962	0.00	-5.31	-5.25	-3.73
	1.00	POLR2F	A_23_P80321	0.00	-1.37	-1.70	-1.11
	1.00	PHF7	A_23_P80684	0.00	-5.86	-8.19	-5.93
	1.00	RNF5;MIR6833	A_23_P8095	0.00	-1.63	-1.68	-0.91
	1.00	FAM50B	A_23_P8240	0.00	-4.13	-3.31	-2.09
	1.00	ALDH1A1	A_23_P83098	0.00	-1.68	-2.28	-1.85
	1.00	ING2	A_23_P83736	0.00	-2.04	-3.64	-2.35
	1.00	0 (SPOT_A_23_P83953)	A_23_P83953	0.00	-1.39	-2.02	-0.97
	1.00	COPS6	A_23_P8432	0.00	-1.81	-2.54	-2.39
	1.00	ANTXR1	A_23_P84576;A_24_P131522	0.00	-5.46	-4.80	-3.66
	1.00	THAP4	A_23_P84782	0.00	-1.71	-1.80	-2.04
	1.00	TMEM187;MIR3202-1	A_23_P85180	0.00	-1.75	-1.32	-0.99
	1.00	0 (SPOT_A_23_P8558)	A_23_P8558	0.00	-2.16	-2.03	-1.70
	1.00	SSC4D	A_23_P8571	0.00	-4.27	-4.79	-3.49
	1.00	MRPS21	A_23_P86182	0.00	-3.11	-2.61	-1.99
	1.00	DCLRE1C	A_23_P86632	0.00	-2.96	-3.05	-1.86
	1.00	0 (SPOT_A_23_P86774)	A_23_P86774	0.00	-2.91	-4.86	-2.59
	1.00	B4GAT1	A_23_P86900	0.00	-3.98	-10.33	-7.05
	1.00	0 (SPOT_A_23_P87041)	A_23_P87041	0.00	-2.20	-4.62	-3.78
	1.00	ANP32D	A_23_P87580	0.00	-3.38	-5.52	-2.75
	1.00	RITA1	A_23_P87635;A_24_P41042	0.00	-2.44	-4.31	-2.40
	1.00	0 (SPOT_A_23_P87810)	A_23_P87810	0.00	-3.31	-3.70	-4.40
	1.00	0 (SPOT_A_23_P87931)	A_23_P87931	0.00	-3.28	-2.59	-1.86
	1.00	0 (SPOT_A_23_P88309)	A_23_P88309	0.00	-5.76	-5.82	-7.48
	1.00	FOXN3	A_23_P88435	0.00	-6.84	-7.61	-5.83
	1.00	INTS9	A_23_P8848	0.00	-1.87	-2.06	-2.04
	1.00	LIPC	A_23_P88559	0.00	-5.12	-5.56	-6.23
	1.00	C16ORF95	A_23_P89030	0.00	-1.20	-2.92	-1.99
	1.00	0 (SPOT_A_23_P89159)	A_23_P89159	0.00	-2.69	-3.93	-1.85
	1.00	EXOC7	A_23_P89163	0.00	-1.88	-3.29	-1.87
	1.00	0 (SPOT_A_23_P89543)	A_23_P89543	0.00	-1.44	-2.36	-1.84
	1.00	0 (SPOT_A_23_P89708)	A_23_P89708	0.00	-1.29	-2.36	-1.79
	1.00	ACAA2	A_23_P89799	0.00	-2.22	-2.39	-2.89
	1.00	TMEM205	A_23_P90099	0.00	-1.35	-2.01	-1.11
	1.00	LSM7	A_23_P90463	0.00	-2.21	-2.47	-2.82
	1.00	POP4	A_23_P90533	0.00	-1.13	-1.50	-0.96
	1.00	PXMP4	A_23_P91430	0.00	-0.98	-1.92	-1.54
	1.00	0 (SPOT_A_23_P91680)	A_23_P91680	0.00	-2.95	-2.81	-1.90
	1.00	0 (SPOT_A_23_P91769)	A_23_P91769	0.00	-1.20	-2.49	-1.60
	1.00	0 (SPOT_A_23_P91870)	A_23_P91870	0.00	-3.76	-3.56	-3.96
	1.00	ITPR1	A_23_P92042	0.00	-4.56	-3.91	-3.14
	1.00	0 (SPOT_A_23_P92213)	A_23_P92213	0.00	-6.15	-7.71	-6.18
	1.00	MOCS2	A_23_P92967	0.00	-3.63	-3.93	-3.20
	1.00	ZBED3	A_23_P93032	0.00	-8.43	-8.25	-8.23
	1.00	SPIN1	A_23_P9319;A_24_P72750	0.00	-3.60	-2.53	-2.05
	1.00	ATP6V1F	A_23_P93623	0.00	-3.09	-3.75	-3.08
	1.00	C9ORF78	A_23_P9443	0.00	-1.60	-1.36	-1.05
	1.00	MAN1B1	A_23_P94857	0.00	-1.55	-2.86	-2.47
	1.00	NUDT9	A_23_P94860	0.00	-1.54	-1.38	-1.16
	1.00	0 (SPOT_A_23_P9513)	A_23_P9513	0.00	-4.60	-3.54	-2.70
	1.00	0 (SPOT_A_23_P95353)	A_23_P95353	0.00	-2.49	-2.94	-2.19
	1.00	PRPS1	A_23_P95764	0.00	-4.28	-4.01	-3.89
	1.00	ITLN1	A_23_P95790	0.00	-2.05	-6.78	-5.25
	1.00	0 (SPOT_A_23_P96568)	A_23_P96568	0.00	-1.37	-1.83	-1.32
	1.00	GPRASP1	A_23_P96590	0.00	-2.06	-2.99	-1.65
	1.00	0 (SPOT_A_23_P96775)	A_23_P96775	0.00	-1.48	-1.68	-1.27
	1.00	LRRC47	A_23_P96777	0.00	-1.80	-1.34	-1.06
	1.00	FAF1	A_23_P96853	0.00	-2.61	-2.58	-2.69
	1.00	NVL	A_23_P96990	0.00	-1.98	-2.88	-2.60
	1.00	C1ORF35	A_23_P97328	0.00	-3.33	-3.59	-2.18
	1.00	CNTROB	A_23_P9761	0.00	-1.56	-2.16	-2.36
	1.00	OAT	A_23_P98092	0.00	-2.00	-4.32	-2.43
	1.00	HRAS	A_23_P98183	0.00	-2.17	-2.40	-1.75
	1.00	TIMM8B	A_23_P98382	0.00	-1.03	-1.43	-1.32
	1.00	ZBED5	A_23_P98483	0.00	-3.23	-2.49	-1.66
	1.00	SIRT4	A_23_P99226	0.00	-2.87	-4.16	-1.95
	1.00	0 (SPOT_A_23_P99473)	A_23_P99473	0.00	-3.57	-4.01	-2.56
	1.00	GON7	A_23_P99579	0.00	-3.61	-3.73	-4.65
	1.00	PNMA1	A_23_P99771	0.00	-3.45	-5.58	-2.15
	1.00	FAM214A	A_23_P99853	0.00	-3.37	-4.49	-4.10
	1.00	0 (SPOT_A_23_P99980)	A_23_P99980	0.00	-2.01	-4.80	-3.95
	1.00	0 (SPOT_A_24_P101493)	A_24_P101493	0.00	-1.11	-1.53	-1.30
	1.00	0 (SPOT_A_24_P102362)	A_24_P102362	0.00	-2.86	-4.32	-1.78
	1.00	0 (SPOT_A_24_P105648)	A_24_P105648	0.00	-2.79	-3.48	-3.10
	1.00	0 (SPOT_A_24_P106522)	A_24_P106522	0.00	-3.43	-2.90	-2.53
	1.00	VPS26B	A_24_P107336	0.00	-4.54	-5.84	-5.86
	1.00	0 (SPOT_A_24_P109644)	A_24_P109644	0.00	-1.81	-4.09	-3.20
	1.00	0 (SPOT_A_24_P114334)	A_24_P114334	0.00	-6.48	-6.87	-6.82
	1.00	0 (SPOT_A_24_P114496)	A_24_P114496	0.00	-1.01	-1.79	-1.70
	1.00	RAB14	A_24_P115511	0.00	-2.06	-1.85	-2.04
	1.00	SIVA1	A_24_P116351	0.00	-3.27	-3.67	-2.55
	1.00	KLHL22	A_24_P117323	0.00	-3.00	-3.51	-4.18
	1.00	0 (SPOT_A_24_P118326)	A_24_P118326	0.00	-2.99	-5.08	-3.69
	1.00	TMEM120B	A_24_P119131	0.00	-8.18	-8.92	-10.00
	1.00	0 (SPOT_A_24_P120352)	A_24_P120352	0.00	-4.95	-5.54	-6.66
	1.00	ARRDC1-AS1	A_24_P120970	0.00	-1.43	-1.34	-1.58
	1.00	0 (SPOT_A_24_P123516)	A_24_P123516	0.00	-6.13	-8.87	-9.55
	1.00	0 (SPOT_A_24_P124325)	A_24_P124325	0.00	-2.36	-3.07	-2.86
	1.00	0 (SPOT_A_24_P124875)	A_24_P124875	0.00	-5.90	-4.94	-3.32
	1.00	0 (SPOT_A_24_P125081)	A_24_P125081	0.00	-2.99	-2.65	-2.45
	1.00	SIGLEC9	A_24_P125561	0.00	-1.99	-3.30	-1.57
	1.00	ZNF500	A_24_P126305	0.00	-2.14	-2.94	-1.31
	1.00	0 (SPOT_A_24_P128001)	A_24_P128001	0.00	-7.61	-8.49	-7.44
	1.00	ICMT	A_24_P128524	0.00	-4.96	-6.97	-5.37
	1.00	LDLRAD4	A_24_P130363	0.00	-7.36	-14.53	-11.61
	1.00	RMDN2	A_24_P131392	0.00	-3.20	-7.74	-4.74
	1.00	ESYT2	A_24_P132470	0.00	-4.76	-5.86	-5.23
	1.00	PI4KA	A_24_P142983	0.00	-2.39	-2.48	-1.99
	1.00	FAM109A	A_24_P143076	0.00	-2.44	-3.80	-3.86
	1.00	0 (SPOT_A_24_P143599)	A_24_P143599	0.00	-1.45	-1.88	-1.20
	1.00	0 (SPOT_A_24_P144666)	A_24_P144666	0.00	-2.63	-2.79	-2.54
	1.00	ZNF609	A_24_P145047	0.00	-2.68	-2.93	-3.45
	1.00	0 (SPOT_A_24_P147263)	A_24_P147263	0.00	-2.87	-2.71	-1.92
	1.00	FAM20B	A_24_P148043	0.00	-2.68	-2.61	-2.83
	1.00	UBE2E3	A_24_P148450	0.00	-3.03	-3.59	-3.81
	1.00	WIPI2	A_24_P149395	0.00	-3.47	-3.83	-4.15
	1.00	0 (SPOT_A_24_P150676)	A_24_P150676	0.00	-7.06	-6.07	-5.35
	1.00	0 (SPOT_A_24_P151464)	A_24_P151464	0.00	-1.38	-2.37	-1.92
	1.00	TEF	A_24_P151582	0.00	-5.19	-4.63	-4.99
	1.00	RPL23AP4	A_24_P153043	0.00	-2.59	-2.75	-2.94
	1.00	0 (SPOT_A_24_P153643)	A_24_P153643	0.00	-2.48	-7.25	-5.72
	1.00	NDUFB9	A_24_P154006	0.00	-3.06	-2.85	-2.84
	1.00	0 (SPOT_A_24_P154214)	A_24_P154214	0.00	-7.87	-7.97	-4.59
	1.00	0 (SPOT_A_24_P15754)	A_24_P15754	0.00	-2.52	-3.02	-3.37
	1.00	0 (SPOT_A_24_P15823)	A_24_P15823	0.00	-1.07	-1.52	-1.16
	1.00	GARNL3	A_24_P158314	0.00	-2.51	-2.50	-1.78
	1.00	DTX4	A_24_P158718	0.00	-2.10	-4.99	-3.28
	1.00	SLC7A6	A_24_P159312	0.00	-2.45	-4.11	-2.40
	1.00	0 (SPOT_A_24_P159866)	A_24_P159866	0.00	-2.12	-2.05	-1.09
	1.00	0 (SPOT_A_24_P159916)	A_24_P159916	0.00	-1.95	-4.10	-2.90
	1.00	ACOT1;ACOT2	A_24_P161036	0.00	-3.44	-2.64	-1.92
	1.00	0 (SPOT_A_24_P161459)	A_24_P161459	0.00	-1.75	-2.39	-2.45
	1.00	0 (SPOT_A_24_P161494)	A_24_P161494	0.00	-0.57	-1.08	-0.76
	1.00	0 (SPOT_A_24_P162412)	A_24_P162412	0.00	-2.47	-2.38	-2.20
	1.00	0 (SPOT_A_24_P162929)	A_24_P162929	0.00	-2.71	-3.97	-1.65
	1.00	STOX2	A_24_P163237	0.00	-5.90	-12.71	-8.37
	1.00	0 (SPOT_A_24_P166211)	A_24_P166211	0.00	-6.26	-5.72	-6.14
	1.00	0 (SPOT_A_24_P166254)	A_24_P166254	0.00	-1.47	-4.13	-2.86
	1.00	0 (SPOT_A_24_P170496)	A_24_P170496	0.00	-3.14	-3.93	-3.22
	1.00	0 (SPOT_A_24_P171041)	A_24_P171041	0.00	-4.33	-4.41	-2.71
	1.00	PHTF2	A_24_P175176	0.00	-5.56	-5.07	-4.77
	1.00	0 (SPOT_A_24_P176805)	A_24_P176805	0.00	-5.02	-3.76	-2.74
	1.00	NCKAP5L	A_24_P177964	0.00	-2.56	-2.08	-1.75
	1.00	0 (SPOT_A_24_P180225)	A_24_P180225	0.00	-1.56	-3.73	-2.41
	1.00	0 (SPOT_A_24_P180654)	A_24_P180654	0.00	-3.35	-5.63	-2.67
	1.00	PHF20	A_24_P181944;A_24_P297098	0.00	-4.41	-3.60	-3.18
	1.00	0 (SPOT_A_24_P182182)	A_24_P182182	0.00	-2.94	-4.60	-3.84
	1.00	0 (SPOT_A_24_P182183)	A_24_P182183	0.00	-3.39	-4.73	-4.64
	1.00	0 (SPOT_A_24_P182433)	A_24_P182433	0.00	-2.86	-3.39	-2.61
	1.00	ATG4C	A_24_P182539	0.00	-5.64	-7.37	-7.53
	1.00	ATP13A3	A_24_P183094	0.00	-4.19	-6.85	-4.14
	1.00	0 (SPOT_A_24_P188460)	A_24_P188460	0.00	-5.19	-4.80	-4.34
	1.00	0 (SPOT_A_24_P191357)	A_24_P191357	0.00	-2.66	-2.77	-3.14
	1.00	0 (SPOT_A_24_P193482)	A_24_P193482	0.00	-1.08	-1.04	-1.09
	1.00	SPIN2B;SPIN2A	A_24_P194508	0.00	-2.87	-3.65	-2.00
	1.00	0 (SPOT_A_24_P196351)	A_24_P196351	0.00	-2.52	-3.88	-3.38
	1.00	ARPIN	A_24_P196384;A_24_P404033	0.00	-3.88	-6.31	-3.98
	1.00	0 (SPOT_A_24_P200420)	A_24_P200420	0.00	-14.27	-11.47	-7.75
	1.00	PAICS	A_24_P200427	0.00	-3.23	-3.79	-3.80
	1.00	C11ORF54	A_24_P201404	0.00	-3.07	-2.92	-2.38
	1.00	STRA8	A_24_P203308	0.00	-3.57	-3.09	-2.09
	1.00	ZNF318	A_24_P204043	0.00	-3.82	-5.06	-4.51
	1.00	0 (SPOT_A_24_P204374)	A_24_P204374	0.00	-2.92	-2.30	-1.80
	1.00	0 (SPOT_A_24_P205307)	A_24_P205307	0.00	-4.22	-4.15	-3.43
	1.00	0 (SPOT_A_24_P205316)	A_24_P205316	0.00	-4.39	-3.68	-2.58
	1.00	0 (SPOT_A_24_P205874)	A_24_P205874	0.00	-1.42	-1.64	-1.46
	1.00	0 (SPOT_A_24_P20753)	A_24_P20753	0.00	-2.76	-3.38	-1.83
	1.00	0 (SPOT_A_24_P20767)	A_24_P20767	0.00	-1.92	-4.82	-3.36
	1.00	0 (SPOT_A_24_P209204)	A_24_P209204	0.00	-1.43	-1.46	-0.80
	1.00	MRPS10	A_24_P209285	0.00	-1.60	-2.50	-1.55
	1.00	PSMG3	A_24_P21044	0.00	-2.72	-3.31	-2.48
	1.00	0 (SPOT_A_24_P211106)	A_24_P211106	0.00	-7.95	-7.70	-6.28
	1.00	0 (SPOT_A_24_P212654)	A_24_P212654	0.00	-2.54	-2.24	-2.16
	1.00	0 (SPOT_A_24_P213175)	A_24_P213175	0.00	-2.31	-2.26	-2.78
	1.00	0 (SPOT_A_24_P213710)	A_24_P213710	0.00	-1.39	-1.72	-1.06
	1.00	0 (SPOT_A_24_P214625)	A_24_P214625	0.00	-3.18	-4.32	-3.62
	1.00	0 (SPOT_A_24_P217804)	A_24_P217804	0.00	-3.34	-4.12	-3.80
	1.00	0 (SPOT_A_24_P218509)	A_24_P218509	0.00	-3.46	-4.67	-3.30
	1.00	SEL1L	A_24_P219114	0.00	-3.93	-7.11	-6.84
	1.00	PTOV1	A_24_P219808	0.00	-1.22	-2.00	-1.71
	1.00	GID8	A_24_P219971	0.00	-6.49	-5.11	-4.87
	1.00	0 (SPOT_A_24_P220786)	A_24_P220786	0.00	-7.29	-5.44	-4.28
	1.00	0 (SPOT_A_24_P221206)	A_24_P221206	0.00	-2.01	-1.83	-2.16
	1.00	0 (SPOT_A_24_P222358)	A_24_P222358	0.00	-4.08	-4.73	-2.14
	1.00	CEBPA	A_24_P224727	0.00	-6.94	-9.38	-7.76
	1.00	0 (SPOT_A_24_P224926)	A_24_P224926	0.00	-3.17	-4.94	-3.89
	1.00	0 (SPOT_A_24_P22657)	A_24_P22657	0.00	-5.94	-5.94	-5.41
	1.00	GPAM	A_24_P227069	0.00	-6.15	-6.91	-7.68
	1.00	CYB5D2	A_24_P228026	0.00	-1.00	-1.79	-0.84
	1.00	0 (SPOT_A_24_P22887)	A_24_P22887	0.00	-3.02	-2.52	-1.53
	1.00	ARRDC2	A_24_P22976	0.00	-4.41	-5.82	-3.60
	1.00	0 (SPOT_A_24_P230895)	A_24_P230895	0.00	-2.32	-3.58	-3.61
	1.00	0 (SPOT_A_24_P233406)	A_24_P233406	0.00	-2.35	-2.33	-1.40
	1.00	0 (SPOT_A_24_P234822)	A_24_P234822	0.00	-3.69	-5.40	-4.43
	1.00	ZNF706	A_24_P235305	0.00	-3.80	-4.93	-5.01
	1.00	VDAC3	A_24_P235316	0.00	-1.69	-3.23	-3.04
	1.00	EIF1AX	A_24_P237389	0.00	-2.69	-2.98	-3.69
	1.00	MECP2	A_24_P237486	0.00	-3.26	-3.70	-3.22
	1.00	0 (SPOT_A_24_P238046)	A_24_P238046	0.00	-2.89	-3.29	-3.64
	1.00	0 (SPOT_A_24_P238525)	A_24_P238525	0.00	-3.30	-4.96	-1.77
	1.00	UBE2MP1	A_24_P239017	0.00	-1.24	-1.85	-0.89
	1.00	RNF187	A_24_P23995	0.00	-2.25	-2.43	-2.68
	1.00	HS2ST1	A_24_P242361	0.00	-4.98	-7.81	-8.05
	1.00	0 (SPOT_A_24_P243044)	A_24_P243044	0.00	-7.10	-7.61	-5.46
	1.00	PI4K2A	A_24_P244162	0.00	-2.28	-2.40	-1.40
	1.00	0 (SPOT_A_24_P244575)	A_24_P244575	0.00	-7.38	-9.08	-9.02
	1.00	USP7	A_24_P245108	0.00	-6.58	-6.46	-5.44
	1.00	0 (SPOT_A_24_P24790)	A_24_P24790	0.00	-2.03	-2.19	-2.36
	1.00	ZNF589	A_24_P247978	0.00	-4.03	-5.75	-3.55
	1.00	0 (SPOT_A_24_P249824)	A_24_P249824	0.00	-13.31	-10.11	-8.66
	1.00	RPRD1B	A_24_P250499	0.00	-6.04	-4.10	-3.03
	1.00	ABCF3	A_24_P251688	0.00	-1.05	-1.29	-1.35
	1.00	SETD7	A_24_P251841	0.00	-8.03	-6.41	-5.48
	1.00	AP2B1	A_24_P253827	0.00	-5.29	-3.77	-3.05
	1.00	0 (SPOT_A_24_P254101)	A_24_P254101	0.00	-5.18	-6.44	-3.62
	1.00	SLC23A2	A_24_P254278	0.00	-8.05	-8.43	-4.03
	1.00	MYO5A	A_24_P255218	0.00	-3.13	-4.17	-3.18
	1.00	0 (SPOT_A_24_P255509)	A_24_P255509	0.00	-2.20	-3.72	-3.49
	1.00	0 (SPOT_A_24_P255663)	A_24_P255663	0.00	-2.78	-4.01	-1.74
	1.00	0 (SPOT_A_24_P256539)	A_24_P256539	0.00	-2.75	-3.68	-3.77
	1.00	SMIM19	A_24_P261005	0.00	-1.33	-1.23	-1.28
	1.00	0 (SPOT_A_24_P262543)	A_24_P262543	0.00	-1.52	-2.79	-2.13
	1.00	DOCK2	A_24_P263653;A_24_P408704	0.00	-1.87	-2.34	-1.83
	1.00	DRAM2	A_24_P268160	0.00	-2.80	-2.99	-2.11
	1.00	INPP5A	A_24_P26897	0.00	-6.02	-5.57	-4.07
	1.00	KIAA1211L	A_24_P272313	0.00	-3.92	-3.70	-3.71
	1.00	0 (SPOT_A_24_P27373)	A_24_P27373	0.00	-4.62	-3.65	-3.21
	1.00	ZNF641	A_24_P273799	0.00	-2.46	-3.06	-2.14
	1.00	HLTF	A_24_P277155	0.00	-5.30	-6.17	-6.05
	1.00	ASB13	A_24_P278299	0.00	-9.52	-8.77	-9.02
	1.00	0 (SPOT_A_24_P278762)	A_24_P278762	0.00	-3.30	-3.47	-4.01
	1.00	0 (SPOT_A_24_P279220)	A_24_P279220	0.00	-3.62	-4.42	-3.27
	1.00	C19ORF53;MRI1	A_24_P279797	0.00	-4.01	-3.99	-2.17
	1.00	PDXP;SH3BP1	A_24_P280029	0.00	-2.42	-3.92	-2.23
	1.00	AQR	A_24_P280378;A_24_P316305	0.00	-2.13	-2.42	-2.85
	1.00	0 (SPOT_A_24_P281304)	A_24_P281304	0.00	-2.31	-2.23	-1.66
	1.00	0 (SPOT_A_24_P285880)	A_24_P285880	0.00	-2.12	-3.19	-2.28
	1.00	ZFYVE16	A_24_P286054	0.00	-4.14	-4.45	-3.62
	1.00	TOLLIP	A_24_P287189	0.00	-3.58	-3.67	-3.33
	1.00	0 (SPOT_A_24_P289625)	A_24_P289625	0.00	-1.84	-3.14	-1.45
	1.00	0 (SPOT_A_24_P289818)	A_24_P289818	0.00	-1.58	-2.25	-1.28
	1.00	0 (SPOT_A_24_P290263)	A_24_P290263	0.00	-2.18	-4.06	-1.99
	1.00	P4HA3	A_24_P290286	0.00	-2.51	-5.55	-4.63
	1.00	COL4A3BP	A_24_P29277	0.00	-7.31	-6.07	-4.81
	1.00	0 (SPOT_A_24_P292831)	A_24_P292831	0.00	-2.13	-3.80	-3.02
	1.00	TMEM14B	A_24_P29445	0.00	-2.62	-3.55	-2.75
	1.00	0 (SPOT_A_24_P294842)	A_24_P294842	0.00	-6.92	-6.85	-5.86
	1.00	0 (SPOT_A_24_P29665)	A_24_P29665	0.00	-2.57	-5.66	-4.34
	1.00	THAP8	A_24_P296907	0.00	-2.94	-3.88	-2.19
	1.00	CDK14	A_24_P29733	0.00	-3.83	-6.25	-3.47
	1.00	0 (SPOT_A_24_P297798)	A_24_P297798	0.00	-1.19	-1.34	-1.57
	1.00	MTAP	A_24_P297888;A_24_P51118	0.00	-2.24	-2.47	-1.88
	1.00	0 (SPOT_A_24_P298616)	A_24_P298616	0.00	-1.71	-1.75	-1.59
	1.00	0 (SPOT_A_24_P29966)	A_24_P29966	0.00	-3.60	-4.93	-5.32
	1.00	0 (SPOT_A_24_P30034)	A_24_P30034	0.00	-2.37	-2.76	-2.71
	1.00	OSGEPL1	A_24_P302574	0.00	-7.20	-7.91	-6.44
	1.00	0 (SPOT_A_24_P303127)	A_24_P303127	0.00	-8.81	-10.35	-11.76
	1.00	ANKH	A_24_P303145;A_24_P371628	0.00	-11.54	-13.61	-11.47
	1.00	0 (SPOT_A_24_P303852)	A_24_P303852	0.00	-9.47	-9.17	-6.28
	1.00	MLEC	A_24_P304449	0.00	-3.66	-8.00	-6.22
	1.00	0 (SPOT_A_24_P304969)	A_24_P304969	0.00	-0.63	-1.75	-1.23
	1.00	0 (SPOT_A_24_P306209)	A_24_P306209	0.00	-1.28	-2.19	-1.97
	1.00	0 (SPOT_A_24_P306527)	A_24_P306527	0.00	-1.78	-1.68	-1.96
	1.00	0 (SPOT_A_24_P307025)	A_24_P307025	0.00	-3.08	-3.97	-4.32
	1.00	FBXL18	A_24_P307854	0.00	-6.77	-6.68	-3.81
	1.00	0 (SPOT_A_24_P307963)	A_24_P307963	0.00	-1.71	-5.00	-3.90
	1.00	SLC48A1	A_24_P309594	0.00	-5.39	-5.04	-5.77
	1.00	0 (SPOT_A_24_P312671)	A_24_P312671	0.00	-3.84	-6.09	-5.74
	1.00	API5	A_24_P312692	0.00	-1.38	-1.68	-1.79
	1.00	CAPS	A_24_P313993	0.00	-1.58	-2.32	-0.96
	1.00	0 (SPOT_A_24_P31527)	A_24_P31527	0.00	-3.02	-4.33	-2.32
	1.00	0 (SPOT_A_24_P315921)	A_24_P315921	0.00	-1.85	-3.16	-2.60
	1.00	0 (SPOT_A_24_P316046)	A_24_P316046	0.00	-3.08	-6.72	-4.27
	1.00	0 (SPOT_A_24_P316154)	A_24_P316154	0.00	-2.36	-2.77	-2.01
	1.00	0 (SPOT_A_24_P316364)	A_24_P316364	0.00	-1.96	-3.44	-2.59
	1.00	LRRFIP1	A_24_P316939	0.00	-2.16	-1.83	-1.67
	1.00	0 (SPOT_A_24_P317622)	A_24_P317622	0.00	-4.14	-4.25	-2.81
	1.00	0 (SPOT_A_24_P32252)	A_24_P32252	0.00	-4.51	-4.76	-4.44
	1.00	0 (SPOT_A_24_P322756)	A_24_P322756	0.00	-3.46	-4.94	-2.00
	1.00	RPL23AP53;CENPBD1P1	A_24_P323628	0.00	-4.21	-3.10	-2.36
	1.00	0 (SPOT_A_24_P323916)	A_24_P323916	0.00	-2.25	-2.84	-2.40
	1.00	0 (SPOT_A_24_P324644)	A_24_P324644	0.00	-3.54	-3.36	-3.69
	1.00	TRAPPC2L	A_24_P327050	0.00	-2.20	-2.98	-3.01
	1.00	0 (SPOT_A_24_P33213)	A_24_P33213	0.00	-3.43	-3.17	-2.64
	1.00	RPL7P22	A_24_P332971	0.00	-1.62	-2.63	-2.53
	1.00	0 (SPOT_A_24_P333112)	A_24_P333112	0.00	-1.80	-3.55	-2.93
	1.00	0 (SPOT_A_24_P33525)	A_24_P33525	0.00	-1.00	-2.32	-1.88
	1.00	RPL23AP46	A_24_P33552	0.00	-2.25	-2.08	-2.38
	1.00	0 (SPOT_A_24_P33607)	A_24_P33607	0.00	-3.43	-3.42	-2.32
	1.00	XPR1	A_24_P336417;A_24_P702813	0.00	-2.01	-2.43	-1.54
	1.00	MILR1	A_24_P33982	0.00	-1.94	-3.27	-2.48
	1.00	0 (SPOT_A_24_P340866)	A_24_P340866	0.00	-2.03	-1.65	-1.60
	1.00	0 (SPOT_A_24_P341279)	A_24_P341279	0.00	-1.16	-1.65	-0.76
	1.00	0 (SPOT_A_24_P342226)	A_24_P342226	0.00	-1.71	-2.88	-1.65
	1.00	KLHDC3	A_24_P343255	0.00	-2.58	-3.41	-3.68
	1.00	0 (SPOT_A_24_P344307)	A_24_P344307	0.00	-2.66	-2.40	-2.24
	1.00	ING5	A_24_P34545;A_32_P60223	0.00	-3.28	-3.27	-2.07
	1.00	0 (SPOT_A_24_P346181)	A_24_P346181	0.00	-4.72	-4.36	-3.62
	1.00	TNS3	A_24_P346431	0.00	-2.06	-5.08	-4.03
	1.00	NDUFB8	A_24_P346886	0.00	-2.20	-3.11	-3.36
	1.00	0 (SPOT_A_24_P348660)	A_24_P348660	0.00	-0.65	-1.61	-0.97
	1.00	0 (SPOT_A_24_P350008)	A_24_P350008	0.00	-0.89	-1.01	-1.15
	1.00	THAP2	A_24_P350437	0.00	-1.61	-4.15	-3.29
	1.00	0 (SPOT_A_24_P352608)	A_24_P352608	0.00	-6.65	-5.95	-3.95
	1.00	0 (SPOT_A_24_P354412)	A_24_P354412	0.00	-4.14	-5.73	-3.08
	1.00	MTMR12	A_24_P354615	0.00	-2.76	-2.82	-2.74
	1.00	FLI1	A_24_P355649	0.00	-6.21	-8.94	-7.17
	1.00	MAP2K5	A_24_P356130	0.00	-1.78	-1.59	-1.25
	1.00	0 (SPOT_A_24_P357576)	A_24_P357576	0.00	-2.99	-4.70	-4.44
	1.00	ZNF219	A_24_P35891	0.00	-5.89	-8.84	-6.51
	1.00	0 (SPOT_A_24_P359295)	A_24_P359295	0.00	-1.73	-2.10	-2.19
	1.00	0 (SPOT_A_24_P35935)	A_24_P35935	0.00	-6.54	-7.25	-7.79
	1.00	ZNF839	A_24_P361158	0.00	-1.17	-1.09	-0.74
	1.00	0 (SPOT_A_24_P363745)	A_24_P363745	0.00	-4.07	-4.00	-3.35
	1.00	0 (SPOT_A_24_P364381)	A_24_P364381	0.00	-2.98	-4.09	-2.89
	1.00	PIK3R6	A_24_P366509	0.00	-3.98	-5.39	-5.91
	1.00	0 (SPOT_A_24_P367191)	A_24_P367191	0.00	-3.17	-2.72	-2.83
	1.00	0 (SPOT_A_24_P369172)	A_24_P369172	0.00	-5.04	-4.03	-3.46
	1.00	0 (SPOT_A_24_P373312)	A_24_P373312	0.00	-2.04	-3.01	-2.19
	1.00	RPL7P14	A_24_P374973	0.00	-3.04	-3.84	-1.68
	1.00	0 (SPOT_A_24_P376139)	A_24_P376139	0.00	-7.18	-5.43	-5.19
	1.00	HNRNPUL1	A_24_P376294	0.00	-1.20	-1.40	-0.89
	1.00	GLRX3;GLRX3P2	A_24_P381029	0.00	-2.04	-1.79	-1.79
	1.00	AP1G1	A_24_P381962	0.00	-3.21	-2.96	-3.47
	1.00	POLR3K	A_24_P382001	0.00	-2.58	-2.59	-3.12
	1.00	RPRD1A	A_24_P382253	0.00	-3.12	-3.87	-2.55
	1.00	0 (SPOT_A_24_P382591)	A_24_P382591	0.00	-1.71	-3.45	-2.85
	1.00	0 (SPOT_A_24_P383450)	A_24_P383450	0.00	-6.51	-8.46	-9.27
	1.00	0 (SPOT_A_24_P384411)	A_24_P384411	0.00	-2.24	-3.18	-3.26
	1.00	0 (SPOT_A_24_P384539)	A_24_P384539	0.00	-3.13	-3.32	-3.63
	1.00	0 (SPOT_A_24_P384990)	A_24_P384990	0.00	-5.62	-4.22	-2.85
	1.00	RABEPK	A_24_P386323	0.00	-2.97	-2.74	-2.02
	1.00	0 (SPOT_A_24_P392540)	A_24_P392540	0.00	-2.56	-3.91	-1.69
	1.00	TBC1D20	A_24_P392958	0.00	-1.92	-2.29	-1.98
	1.00	PACS2	A_24_P393372	0.00	-6.89	-7.18	-9.26
	1.00	0 (SPOT_A_24_P394569)	A_24_P394569	0.00	-3.57	-4.65	-3.52
	1.00	0 (SPOT_A_24_P395042)	A_24_P395042	0.00	-1.51	-1.09	-0.97
	1.00	0 (SPOT_A_24_P396881)	A_24_P396881	0.00	-5.16	-7.20	-7.46
	1.00	RGP1	A_24_P398064	0.00	-2.45	-2.23	-2.45
	1.00	ARAP1	A_24_P398432	0.00	-1.52	-3.00	-2.32
	1.00	0 (SPOT_A_24_P400926)	A_24_P400926	0.00	-2.83	-4.97	-3.56
	1.00	0 (SPOT_A_24_P401656)	A_24_P401656	0.00	-1.99	-2.42	-2.33
	1.00	0 (SPOT_A_24_P401670)	A_24_P401670	0.00	-2.68	-3.41	-1.89
	1.00	0 (SPOT_A_24_P402115)	A_24_P402115	0.00	-2.38	-2.13	-2.05
	1.00	0 (SPOT_A_24_P403501)	A_24_P403501	0.00	-1.25	-1.50	-1.02
	1.00	0 (SPOT_A_24_P40481)	A_24_P40481	0.00	-0.92	-1.92	-1.27
	1.00	PDIK1L	A_24_P405002	0.00	-2.94	-4.37	-2.33
	1.00	0 (SPOT_A_24_P408083)	A_24_P408083	0.00	-5.23	-5.79	-4.18
	1.00	0 (SPOT_A_24_P408341)	A_24_P408341	0.00	-3.16	-3.34	-2.59
	1.00	0 (SPOT_A_24_P409115)	A_24_P409115	0.00	-3.23	-4.34	-1.90
	1.00	0 (SPOT_A_24_P409471)	A_24_P409471	0.00	-2.30	-3.80	-3.04
	1.00	0 (SPOT_A_24_P409500)	A_24_P409500	0.00	-7.91	-8.98	-8.34
	1.00	0 (SPOT_A_24_P410070)	A_24_P410070	0.00	-2.00	-1.73	-1.16
	1.00	FBXO33	A_24_P41021	0.00	-1.43	-1.49	-1.83
	1.00	PFKFB2	A_24_P413669	0.00	-5.44	-7.28	-7.87
	1.00	0 (SPOT_A_24_P414183)	A_24_P414183	0.00	-2.90	-4.32	-2.07
	1.00	0 (SPOT_A_24_P41570)	A_24_P41570	0.00	-1.37	-3.13	-2.61
	1.00	GGA2	A_24_P416257	0.00	-9.10	-7.18	-6.16
	1.00	0 (SPOT_A_24_P417036)	A_24_P417036	0.00	-4.64	-3.74	-2.66
	1.00	FLYWCH2	A_24_P417596	0.00	-3.05	-4.00	-4.27
	1.00	0 (SPOT_A_24_P418019)	A_24_P418019	0.00	-1.60	-1.86	-0.81
	1.00	0 (SPOT_A_24_P418762)	A_24_P418762	0.00	-5.38	-5.33	-2.74
	1.00	BICD2	A_24_P419120	0.00	-5.44	-5.15	-3.76
	1.00	0 (SPOT_A_24_P4426)	A_24_P4426	0.00	-1.29	-2.22	-0.98
	1.00	0 (SPOT_A_24_P44845)	A_24_P44845	0.00	-4.32	-4.81	-5.89
	1.00	ZNF850	A_24_P450596	0.00	-10.20	-8.97	-9.23
	1.00	0 (SPOT_A_24_P450870)	A_24_P450870	0.00	-2.51	-3.88	-1.50
	1.00	CACYBP	A_24_P45379;A_32_P114574	0.00	-2.64	-5.24	-4.28
	1.00	0 (SPOT_A_24_P45767)	A_24_P45767	0.00	-0.90	-1.23	-0.98
	1.00	0 (SPOT_A_24_P464540)	A_24_P464540	0.00	-1.94	-3.39	-3.26
	1.00	SNRNP48	A_24_P46725	0.00	-2.80	-2.44	-1.50
	1.00	0 (SPOT_A_24_P46808)	A_24_P46808	0.00	-4.24	-3.59	-3.76
	1.00	0 (SPOT_A_24_P475556)	A_24_P475556	0.00	-5.31	-7.76	-7.37
	1.00	0 (SPOT_A_24_P477102)	A_24_P477102	0.00	-1.62	-1.54	-1.84
	1.00	0 (SPOT_A_24_P477475)	A_24_P477475	0.00	-0.75	-1.71	-1.50
	1.00	0 (SPOT_A_24_P48617)	A_24_P48617	0.00	-1.96	-1.46	-1.00
	1.00	0 (SPOT_A_24_P486503)	A_24_P486503	0.00	-3.05	-3.44	-3.34
	1.00	0 (SPOT_A_24_P491643)	A_24_P491643	0.00	-4.18	-4.97	-4.94
	1.00	0 (SPOT_A_24_P497186)	A_24_P497186	0.00	-7.52	-9.82	-9.42
	1.00	0 (SPOT_A_24_P498854)	A_24_P498854	0.00	-3.51	-3.09	-3.51
	1.00	0 (SPOT_A_24_P5026)	A_24_P5026	0.00	-8.13	-8.77	-6.67
	1.00	0 (SPOT_A_24_P506726)	A_24_P506726	0.00	-6.73	-7.17	-6.14
	1.00	0 (SPOT_A_24_P50988)	A_24_P50988	0.00	-2.92	-3.45	-2.16
	1.00	0 (SPOT_A_24_P511686)	A_24_P511686	0.00	-6.45	-5.51	-6.05
	1.00	0 (SPOT_A_24_P539275)	A_24_P539275	0.00	-1.82	-3.28	-2.58
	1.00	0 (SPOT_A_24_P54253)	A_24_P54253	0.00	-1.04	-1.67	-1.71
	1.00	0 (SPOT_A_24_P549553)	A_24_P549553	0.00	-7.46	-7.24	-3.99
	1.00	SPOPL	A_24_P551028	0.00	-7.86	-7.19	-6.81
	1.00	0 (SPOT_A_24_P555791)	A_24_P555791	0.00	-2.76	-4.28	-3.79
	1.00	0 (SPOT_A_24_P560519)	A_24_P560519	0.00	-9.42	-10.26	-5.33
	1.00	0 (SPOT_A_24_P56221)	A_24_P56221	0.00	-4.77	-4.16	-2.59
	1.00	DYRK2	A_24_P56270	0.00	-5.62	-8.52	-7.42
	1.00	0 (SPOT_A_24_P564396)	A_24_P564396	0.00	-5.98	-6.68	-3.69
	1.00	0 (SPOT_A_24_P567349)	A_24_P567349	0.00	-1.82	-1.85	-2.37
	1.00	SLC39A11	A_24_P57528	0.00	-3.85	-4.77	-3.58
	1.00	0 (SPOT_A_24_P575336)	A_24_P575336	0.00	-2.67	-1.98	-1.42
	1.00	0 (SPOT_A_24_P579826)	A_24_P579826	0.00	-2.41	-2.51	-1.23
	1.00	0 (SPOT_A_24_P579984)	A_24_P579984	0.00	-4.66	-3.42	-2.55
	1.00	0 (SPOT_A_24_P586712)	A_24_P586712	0.00	-5.50	-7.11	-4.91
	1.00	0 (SPOT_A_24_P587938)	A_24_P587938	0.00	-3.19	-2.80	-2.51
	1.00	0 (SPOT_A_24_P58899)	A_24_P58899	0.00	-0.94	-1.61	-1.18
	1.00	0 (SPOT_A_24_P592570)	A_24_P592570	0.00	-3.36	-2.73	-2.87
	1.00	0 (SPOT_A_24_P601576)	A_24_P601576	0.00	-1.96	-2.28	-2.73
	1.00	0 (SPOT_A_24_P601643)	A_24_P601643	0.00	-0.38	-1.01	-0.65
	1.00	0 (SPOT_A_24_P601695)	A_24_P601695	0.00	-2.60	-2.36	-2.02
	1.00	SMIM11B;SMIM11A	A_24_P6030;A_24_P74487	0.00	-3.54	-3.82	-3.49
	1.00	SLC25A5P7	A_24_P603890	0.00	-2.44	-4.94	-3.37
	1.00	0 (SPOT_A_24_P606239)	A_24_P606239	0.00	-4.37	-5.01	-4.99
	1.00	0 (SPOT_A_24_P610405)	A_24_P610405	0.00	-2.17	-5.49	-4.48
	1.00	0 (SPOT_A_24_P614362)	A_24_P614362	0.00	-2.02	-3.21	-1.92
	1.00	0 (SPOT_A_24_P614521)	A_24_P614521	0.00	-1.25	-3.34	-2.56
	1.00	0 (SPOT_A_24_P623814)	A_24_P623814	0.00	-8.46	-8.96	-10.63
	1.00	0 (SPOT_A_24_P62883)	A_24_P62883	0.00	-1.71	-2.72	-1.86
	1.00	0 (SPOT_A_24_P630875)	A_24_P630875	0.00	-1.94	-3.86	-2.86
	1.00	0 (SPOT_A_24_P634530)	A_24_P634530	0.00	-5.69	-6.44	-5.78
	1.00	0 (SPOT_A_24_P638294)	A_24_P638294	0.00	-1.15	-2.12	-1.45
	1.00	0 (SPOT_A_24_P638453)	A_24_P638453	0.00	-3.43	-3.88	-4.05
	1.00	0 (SPOT_A_24_P639581)	A_24_P639581	0.00	-0.92	-2.17	-1.64
	1.00	AP3M2	A_24_P64039	0.00	-3.77	-4.96	-4.58
	1.00	STK32C	A_24_P64329	0.00	-4.33	-6.16	-5.37
	1.00	0 (SPOT_A_24_P658505)	A_24_P658505	0.00	-1.67	-5.76	-4.20
	1.00	0 (SPOT_A_24_P662177)	A_24_P662177	0.00	-1.92	-2.26	-1.14
	1.00	CNBP	A_24_P664939	0.00	-2.59	-2.99	-1.32
	1.00	CBX5;MIR3198-2	A_24_P664995	0.00	-5.99	-4.41	-3.08
	1.00	0 (SPOT_A_24_P669220)	A_24_P669220	0.00	-4.34	-3.40	-2.88
	1.00	0 (SPOT_A_24_P677734)	A_24_P677734	0.00	-6.55	-7.82	-8.44
	1.00	0 (SPOT_A_24_P679409)	A_24_P679409	0.00	-2.37	-3.77	-2.73
	1.00	0 (SPOT_A_24_P688133)	A_24_P688133	0.00	-6.34	-5.40	-5.72
	1.00	0 (SPOT_A_24_P70888)	A_24_P70888	0.00	-2.61	-2.20	-1.59
	1.00	0 (SPOT_A_24_P711477)	A_24_P711477	0.00	-4.78	-4.89	-4.37
	1.00	CHML	A_24_P712350	0.00	-2.88	-4.76	-2.59
	1.00	0 (SPOT_A_24_P719579)	A_24_P719579	0.00	-3.84	-3.82	-3.03
	1.00	0 (SPOT_A_24_P721828)	A_24_P721828	0.00	-3.51	-5.27	-4.79
	1.00	0 (SPOT_A_24_P722292)	A_24_P722292	0.00	-3.13	-2.70	-2.48
	1.00	0 (SPOT_A_24_P726215)	A_24_P726215	0.00	-4.26	-4.37	-4.95
	1.00	0 (SPOT_A_24_P73920)	A_24_P73920	0.00	-3.09	-3.53	-3.01
	1.00	ZBTB14	A_24_P74064	0.00	-4.53	-5.12	-2.43
	1.00	0 (SPOT_A_24_P748389)	A_24_P748389	0.00	-2.49	-2.86	-2.80
	1.00	0 (SPOT_A_24_P760130)	A_24_P760130	0.00	-4.12	-5.46	-5.71
	1.00	0 (SPOT_A_24_P761457)	A_24_P761457	0.00	-1.45	-1.41	-1.48
	1.00	0 (SPOT_A_24_P76521)	A_24_P76521	0.00	-1.40	-2.68	-2.10
	1.00	0 (SPOT_A_24_P770494)	A_24_P770494	0.00	-2.14	-3.99	-3.06
	1.00	0 (SPOT_A_24_P780609)	A_24_P780609	0.00	-2.47	-2.72	-2.68
	1.00	0 (SPOT_A_24_P797455)	A_24_P797455	0.00	-5.24	-5.13	-4.23
	1.00	0 (SPOT_A_24_P79750)	A_24_P79750	0.00	-2.46	-2.82	-2.84
	1.00	SMIM13	A_24_P80776	0.00	-3.62	-2.89	-2.64
	1.00	0 (SPOT_A_24_P80915)	A_24_P80915	0.00	-4.08	-5.12	-5.05
	1.00	0 (SPOT_A_24_P810084)	A_24_P810084	0.00	-2.74	-3.61	-3.52
	1.00	0 (SPOT_A_24_P817066)	A_24_P817066	0.00	-0.42	-1.50	-1.11
	1.00	0 (SPOT_A_24_P817209)	A_24_P817209	0.00	-3.84	-3.38	-2.59
	1.00	CORO1C	A_24_P81947	0.00	-8.06	-8.35	-7.10
	1.00	GAS7	A_24_P82466	0.00	-9.81	-8.79	-8.82
	1.00	0 (SPOT_A_24_P826046)	A_24_P826046	0.00	-4.18	-4.58	-5.15
	1.00	0 (SPOT_A_24_P829541)	A_24_P829541	0.00	-1.08	-1.79	-0.93
	1.00	PDPK1;PDPK2P	A_24_P830690	0.00	-3.31	-2.61	-2.31
	1.00	0 (SPOT_A_24_P839075)	A_24_P839075	0.00	-4.48	-5.97	-3.40
	1.00	HTD2;RPP14	A_24_P839254	0.00	-2.16	-2.16	-2.32
	1.00	0 (SPOT_A_24_P83968)	A_24_P83968	0.00	-0.84	-1.44	-0.83
	1.00	0 (SPOT_A_24_P84048)	A_24_P84048	0.00	-1.63	-1.25	-1.17
	1.00	0 (SPOT_A_24_P842899)	A_24_P842899	0.00	-2.58	-2.73	-2.71
	1.00	0 (SPOT_A_24_P84408)	A_24_P84408	0.00	-2.28	-2.18	-2.19
	1.00	0 (SPOT_A_24_P846738)	A_24_P846738	0.00	-2.38	-2.34	-1.55
	1.00	0 (SPOT_A_24_P84808)	A_24_P84808	0.00	-2.98	-2.38	-2.16
	1.00	0 (SPOT_A_24_P84984)	A_24_P84984	0.00	-3.98	-6.69	-4.40
	1.00	0 (SPOT_A_24_P850187)	A_24_P850187	0.00	-3.56	-3.32	-2.89
	1.00	ELMSAN1	A_24_P85200	0.00	-1.99	-2.67	-1.21
	1.00	0 (SPOT_A_24_P859032)	A_24_P859032	0.00	-4.14	-4.44	-5.35
	1.00	0 (SPOT_A_24_P867201)	A_24_P867201	0.00	-10.04	-7.97	-8.04
	1.00	0 (SPOT_A_24_P87413)	A_24_P87413	0.00	-1.82	-2.38	-2.64
	1.00	0 (SPOT_A_24_P879428)	A_24_P879428	0.00	-1.96	-2.24	-2.28
	1.00	CACUL1	A_24_P882914	0.00	-2.18	-3.84	-3.45
	1.00	DCP2	A_24_P886040	0.00	-1.35	-2.47	-2.02
	1.00	0 (SPOT_A_24_P896373)	A_24_P896373	0.00	-4.19	-3.99	-3.42
	1.00	0 (SPOT_A_24_P896619)	A_24_P896619	0.00	-3.63	-3.97	-4.44
	1.00	IMPDH1	A_24_P89701	0.00	-2.43	-2.86	-2.44
	1.00	0 (SPOT_A_24_P902653)	A_24_P902653	0.00	-2.81	-4.37	-1.77
	1.00	0 (SPOT_A_24_P90774)	A_24_P90774	0.00	-4.49	-4.55	-2.83
	1.00	0 (SPOT_A_24_P911896)	A_24_P911896	0.00	-1.85	-4.15	-3.18
	1.00	0 (SPOT_A_24_P912228)	A_24_P912228	0.00	-9.97	-7.52	-6.07
	1.00	0 (SPOT_A_24_P914922)	A_24_P914922	0.00	-4.14	-7.28	-7.05
	1.00	0 (SPOT_A_24_P915464)	A_24_P915464	0.00	-4.27	-5.75	-6.05
	1.00	0 (SPOT_A_24_P916288)	A_24_P916288	0.00	-5.78	-7.00	-6.65
	1.00	CRCP	A_24_P916656	0.00	-1.83	-1.82	-1.40
	1.00	0 (SPOT_A_24_P917650)	A_24_P917650	0.00	-2.17	-3.44	-2.60
	1.00	0 (SPOT_A_24_P917668)	A_24_P917668	0.00	-11.85	-10.41	-6.52
	1.00	0 (SPOT_A_24_P918762)	A_24_P918762	0.00	-5.53	-5.55	-6.41
	1.00	0 (SPOT_A_24_P918810)	A_24_P918810	0.00	-1.96	-2.30	-1.71
	1.00	0 (SPOT_A_24_P920319)	A_24_P920319	0.00	-2.94	-2.01	-1.63
	1.00	0 (SPOT_A_24_P920730)	A_24_P920730	0.00	-5.56	-4.38	-3.42
	1.00	0 (SPOT_A_24_P923142)	A_24_P923142	0.00	-4.57	-4.95	-2.83
	1.00	0 (SPOT_A_24_P923684)	A_24_P923684	0.00	-3.06	-3.21	-3.12
	1.00	0 (SPOT_A_24_P924589)	A_24_P924589	0.00	-1.98	-2.77	-1.68
	1.00	0 (SPOT_A_24_P926125)	A_24_P926125	0.00	-1.61	-2.47	-2.16
	1.00	MEGF6	A_24_P926960	0.00	-2.49	-3.72	-2.72
	1.00	0 (SPOT_A_24_P92722)	A_24_P92722	0.00	-2.07	-3.77	-2.39
	1.00	0 (SPOT_A_24_P927474)	A_24_P927474	0.00	-2.08	-4.88	-3.10
	1.00	0 (SPOT_A_24_P927537)	A_24_P927537	0.00	-3.63	-3.87	-4.59
	1.00	0 (SPOT_A_24_P928038)	A_24_P928038	0.00	-1.53	-3.27	-2.45
	1.00	0 (SPOT_A_24_P928340)	A_24_P928340	0.00	-0.87	-1.66	-1.31
	1.00	0 (SPOT_A_24_P928439)	A_24_P928439	0.00	-4.36	-3.52	-3.13
	1.00	0 (SPOT_A_24_P928830)	A_24_P928830	0.00	-5.97	-5.16	-3.83
	1.00	0 (SPOT_A_24_P930062)	A_24_P930062	0.00	-4.28	-3.87	-3.65
	1.00	0 (SPOT_A_24_P930707)	A_24_P930707	0.00	-5.20	-4.61	-4.96
	1.00	0 (SPOT_A_24_P931579)	A_24_P931579	0.00	-3.53	-7.72	-5.87
	1.00	ABI2	A_24_P933418	0.00	-3.17	-5.92	-2.83
	1.00	0 (SPOT_A_24_P933940)	A_24_P933940	0.00	-3.90	-6.58	-6.09
	1.00	0 (SPOT_A_24_P936537)	A_24_P936537	0.00	-2.71	-3.01	-3.14
	1.00	0 (SPOT_A_24_P940149)	A_24_P940149	0.00	-6.30	-5.41	-4.20
	1.00	0 (SPOT_A_24_P940218)	A_24_P940218	0.00	-1.61	-1.66	-1.31
	1.00	PCYOX1	A_24_P940517;A_32_P180958	0.00	-4.94	-7.93	-7.59
	1.00	0 (SPOT_A_24_P940725)	A_24_P940725	0.00	-1.92	-1.97	-1.32
	1.00	CA5B	A_24_P941268	0.00	-2.76	-3.91	-3.40
	1.00	SPAST	A_24_P941988	0.00	-3.13	-3.53	-2.68
	1.00	ACAP2	A_24_P942002	0.00	-3.53	-3.45	-2.29
	1.00	TANC2	A_24_P942068	0.00	-9.17	-8.25	-9.04
	1.00	SLC35E2B	A_24_P942211	0.00	-2.03	-2.76	-1.44
	1.00	0 (SPOT_A_24_P942786)	A_24_P942786	0.00	-10.44	-9.83	-10.42
	1.00	0 (SPOT_A_24_P942893)	A_24_P942893	0.00	-1.20	-3.60	-2.84
	1.00	PREPL	A_24_P943193	0.00	-4.46	-7.18	-5.14
	1.00	DBF4	A_24_P943358	0.00	-4.63	-3.88	-3.89
	1.00	0 (SPOT_A_24_P943484)	A_24_P943484	0.00	-3.69	-4.49	-2.10
	1.00	0 (SPOT_A_24_P944054)	A_24_P944054	0.00	-6.51	-6.85	-5.35
	1.00	0 (SPOT_A_24_P944677)	A_24_P944677	0.00	-7.26	-9.16	-7.60
	1.00	SREK1IP1	A_24_P944991;A_32_P198330	0.00	-1.22	-2.85	-1.69
	1.00	0 (SPOT_A_24_P945228)	A_24_P945228	0.00	-2.49	-5.66	-4.16
	1.00	PRPF38A	A_24_P97001	0.00	-1.97	-2.93	-1.80
	1.00	0 (SPOT_A_24_P97221)	A_24_P97221	0.00	-3.97	-3.99	-2.70
	1.00	TACC1	A_24_P98249	0.00	-2.13	-2.70	-2.70
	1.00	0 (SPOT_A_32_P100258)	A_32_P100258	0.00	-3.20	-3.44	-1.83
	1.00	0 (SPOT_A_32_P10123)	A_32_P10123	0.00	-4.16	-7.68	-7.40
	1.00	0 (SPOT_A_32_P10272)	A_32_P10272	0.00	-0.79	-1.25	-0.49
	1.00	0 (SPOT_A_32_P103060)	A_32_P103060	0.00	-1.70	-2.88	-1.21
	1.00	0 (SPOT_A_32_P103131)	A_32_P103131	0.00	-5.51	-4.75	-3.08
	1.00	0 (SPOT_A_32_P103815)	A_32_P103815	0.00	-5.19	-5.77	-5.83
	1.00	0 (SPOT_A_32_P105281)	A_32_P105281	0.00	-4.88	-6.96	-6.39
	1.00	0 (SPOT_A_32_P10633)	A_32_P10633	0.00	-4.95	-4.47	-4.39
	1.00	0 (SPOT_A_32_P106512)	A_32_P106512	0.00	-3.35	-4.41	-3.97
	1.00	0 (SPOT_A_32_P106553)	A_32_P106553	0.00	-1.71	-3.18	-2.17
	1.00	0 (SPOT_A_32_P107219)	A_32_P107219	0.00	-4.04	-9.08	-7.85
	1.00	SPATA33	A_32_P107493	0.00	-2.58	-4.94	-4.39
	1.00	0 (SPOT_A_32_P107935)	A_32_P107935	0.00	-1.62	-4.33	-3.34
	1.00	0 (SPOT_A_32_P108722)	A_32_P108722	0.00	-4.49	-5.19	-4.50
	1.00	STYX	A_32_P109794	0.00	-2.57	-3.31	-2.89
	1.00	0 (SPOT_A_32_P111235)	A_32_P111235	0.00	-2.43	-2.53	-2.70
	1.00	0 (SPOT_A_32_P11181)	A_32_P11181	0.00	-5.72	-6.06	-6.16
	1.00	0 (SPOT_A_32_P112531)	A_32_P112531	0.00	-5.96	-9.15	-6.71
	1.00	0 (SPOT_A_32_P11325)	A_32_P11325	0.00	-3.98	-3.86	-3.81
	1.00	0 (SPOT_A_32_P113682)	A_32_P113682	0.00	-7.56	-8.22	-8.49
	1.00	0 (SPOT_A_32_P11381)	A_32_P11381	0.00	-3.93	-5.85	-4.04
	1.00	0 (SPOT_A_32_P114372)	A_32_P114372	0.00	-5.18	-5.02	-5.45
	1.00	RFPL1S	A_32_P118568	0.00	-8.53	-10.63	-5.60
	1.00	0 (SPOT_A_32_P119154)	A_32_P119154	0.00	-2.01	-3.29	-2.65
	1.00	DOK3	A_32_P121085	0.00	-8.95	-7.25	-6.20
	1.00	0 (SPOT_A_32_P122285)	A_32_P122285	0.00	-3.83	-9.10	-7.30
	1.00	LINC00205	A_32_P122940	0.00	-5.53	-4.23	-3.31
	1.00	0 (SPOT_A_32_P123293)	A_32_P123293	0.00	-3.54	-3.29	-2.61
	1.00	0 (SPOT_A_32_P124926)	A_32_P124926	0.00	-2.96	-2.72	-1.64
	1.00	0 (SPOT_A_32_P126832)	A_32_P126832	0.00	-4.33	-5.85	-4.62
	1.00	0 (SPOT_A_32_P126846)	A_32_P126846	0.00	-1.33	-1.84	-1.18
	1.00	0 (SPOT_A_32_P127248)	A_32_P127248	0.00	-3.67	-6.93	-6.14
	1.00	0 (SPOT_A_32_P12820)	A_32_P12820	0.00	-1.56	-2.17	-1.22
	1.00	0 (SPOT_A_32_P128781)	A_32_P128781	0.00	-3.21	-2.70	-2.57
	1.00	0 (SPOT_A_32_P128857)	A_32_P128857	0.00	-4.58	-4.95	-4.46
	1.00	ERMARD	A_32_P129527	0.00	-2.00	-1.70	-1.32
	1.00	MEGF9	A_32_P129894	0.00	-6.13	-5.56	-4.78
	1.00	0 (SPOT_A_32_P130290)	A_32_P130290	0.00	-8.35	-8.36	-4.53
	1.00	ZNF148	A_32_P131050	0.00	-5.54	-4.66	-4.56
	1.00	SLITRK4	A_32_P131640	0.00	-4.94	-9.32	-8.93
	1.00	0 (SPOT_A_32_P132928)	A_32_P132928	0.00	-5.33	-5.28	-3.27
	1.00	ANP32AP1	A_32_P133670	0.00	-1.53	-5.41	-3.89
	1.00	0 (SPOT_A_32_P13370)	A_32_P13370	0.00	-6.36	-5.64	-5.70
	1.00	0 (SPOT_A_32_P13371)	A_32_P13371	0.00	-2.44	-4.34	-2.76
	1.00	0 (SPOT_A_32_P134846)	A_32_P134846	0.00	-2.76	-3.80	-3.64
	1.00	0 (SPOT_A_32_P135634)	A_32_P135634	0.00	-4.33	-5.12	-6.15
	1.00	0 (SPOT_A_32_P136588)	A_32_P136588	0.00	-4.12	-6.91	-6.39
	1.00	0 (SPOT_A_32_P137632)	A_32_P137632	0.00	-3.82	-5.69	-2.66
	1.00	USF3	A_32_P138617	0.00	-2.11	-2.01	-2.43
	1.00	0 (SPOT_A_32_P139163)	A_32_P139163	0.00	-1.52	-4.93	-3.50
	1.00	0 (SPOT_A_32_P139505)	A_32_P139505	0.00	-0.93	-3.51	-2.64
	1.00	0 (SPOT_A_32_P141276)	A_32_P141276	0.00	-2.38	-3.07	-1.43
	1.00	0 (SPOT_A_32_P14201)	A_32_P14201	0.00	-4.12	-7.52	-6.58
	1.00	0 (SPOT_A_32_P142149)	A_32_P142149	0.00	-5.61	-8.42	-7.84
	1.00	0 (SPOT_A_32_P14243)	A_32_P14243	0.00	-3.47	-3.40	-3.69
	1.00	0 (SPOT_A_32_P144326)	A_32_P144326	0.00	-2.12	-4.65	-2.64
	1.00	0 (SPOT_A_32_P147324)	A_32_P147324	0.00	-6.45	-5.21	-3.90
	1.00	0 (SPOT_A_32_P148085)	A_32_P148085	0.00	-1.73	-2.50	-2.67
	1.00	0 (SPOT_A_32_P148407)	A_32_P148407	0.00	-8.24	-7.71	-8.03
	1.00	NPIPB15	A_32_P14843	0.00	-2.46	-2.13	-2.38
	1.00	C1ORF27	A_32_P148824	0.00	-2.43	-2.76	-2.33
	1.00	0 (SPOT_A_32_P150040)	A_32_P150040	0.00	-4.62	-5.44	-3.21
	1.00	0 (SPOT_A_32_P150418)	A_32_P150418	0.00	-4.87	-5.88	-5.86
	1.00	0 (SPOT_A_32_P151933)	A_32_P151933	0.00	-4.29	-8.47	-6.69
	1.00	0 (SPOT_A_32_P152696)	A_32_P152696	0.00	-2.25	-4.47	-3.60
	1.00	0 (SPOT_A_32_P153244)	A_32_P153244	0.00	-2.80	-4.74	-4.11
	1.00	0 (SPOT_A_32_P153423)	A_32_P153423	0.00	-0.97	-1.95	-1.10
	1.00	0 (SPOT_A_32_P15364)	A_32_P15364	0.00	-5.28	-5.67	-4.56
	1.00	0 (SPOT_A_32_P154121)	A_32_P154121	0.00	-8.14	-8.41	-6.16
	1.00	OSTM1	A_32_P154830	0.00	-1.60	-3.05	-2.91
	1.00	RPL7P47	A_32_P155364	0.00	-2.75	-2.14	-1.79
	1.00	0 (SPOT_A_32_P155563)	A_32_P155563	0.00	-10.95	-11.16	-10.34
	1.00	0 (SPOT_A_32_P155832)	A_32_P155832	0.00	-3.57	-4.01	-2.08
	1.00	0 (SPOT_A_32_P156549)	A_32_P156549	0.00	-0.89	-1.39	-0.70
	1.00	ERCC4	A_32_P157481	0.00	-3.92	-4.04	-4.44
	1.00	0 (SPOT_A_32_P157622)	A_32_P157622	0.00	-2.85	-4.65	-4.42
	1.00	0 (SPOT_A_32_P158715)	A_32_P158715	0.00	-5.02	-4.98	-3.19
	1.00	0 (SPOT_A_32_P158892)	A_32_P158892	0.00	-7.66	-7.96	-9.69
	1.00	0 (SPOT_A_32_P160398)	A_32_P160398	0.00	-3.10	-3.04	-1.87
	1.00	ARHGAP18	A_32_P162250	0.00	-7.96	-10.79	-10.39
	1.00	0 (SPOT_A_32_P163036)	A_32_P163036	0.00	-3.79	-3.09	-3.11
	1.00	0 (SPOT_A_32_P163996)	A_32_P163996	0.00	-5.10	-4.23	-4.03
	1.00	0 (SPOT_A_32_P16462)	A_32_P16462	0.00	-8.83	-6.92	-5.55
	1.00	0 (SPOT_A_32_P165112)	A_32_P165112	0.00	-3.98	-3.40	-3.34
	1.00	0 (SPOT_A_32_P165297)	A_32_P165297	0.00	-6.74	-6.89	-6.92
	1.00	0 (SPOT_A_32_P165993)	A_32_P165993	0.00	-6.61	-8.13	-5.64
	1.00	0 (SPOT_A_32_P168431)	A_32_P168431	0.00	-1.03	-1.98	-1.64
	1.00	0 (SPOT_A_32_P169243)	A_32_P169243	0.00	-4.43	-5.31	-4.47
	1.00	0 (SPOT_A_32_P16975)	A_32_P16975	0.00	-1.65	-3.36	-1.94
	1.00	0 (SPOT_A_32_P170454)	A_32_P170454	0.00	-4.28	-6.36	-3.38
	1.00	0 (SPOT_A_32_P171856)	A_32_P171856	0.00	-6.06	-6.16	-3.73
	1.00	0 (SPOT_A_32_P172755)	A_32_P172755	0.00	-3.03	-5.70	-4.43
	1.00	0 (SPOT_A_32_P175042)	A_32_P175042	0.00	-7.10	-7.70	-8.40
	1.00	TMEM170B	A_32_P178966	0.00	-11.94	-11.61	-13.09
	1.00	0 (SPOT_A_32_P179005)	A_32_P179005	0.00	-2.16	-2.04	-2.13
	1.00	0 (SPOT_A_32_P179686)	A_32_P179686	0.00	-6.56	-5.17	-5.17
	1.00	0 (SPOT_A_32_P179854)	A_32_P179854	0.00	-2.19	-4.67	-3.70
	1.00	DXO	A_32_P181020	0.00	-1.91	-1.84	-2.26
	1.00	0 (SPOT_A_32_P181107)	A_32_P181107	0.00	-1.02	-2.34	-1.63
	1.00	LYRM7	A_32_P18159	0.00	-2.82	-3.01	-2.59
	1.00	0 (SPOT_A_32_P181826)	A_32_P181826	0.00	-4.45	-5.11	-2.62
	1.00	0 (SPOT_A_32_P183356)	A_32_P183356	0.00	-2.88	-3.11	-3.08
	1.00	0 (SPOT_A_32_P18475)	A_32_P18475	0.00	-8.56	-8.86	-9.12
	1.00	0 (SPOT_A_32_P185149)	A_32_P185149	0.00	-1.34	-1.45	-0.96
	1.00	0 (SPOT_A_32_P185701)	A_32_P185701	0.00	-2.61	-2.60	-2.27
	1.00	0 (SPOT_A_32_P186921)	A_32_P186921	0.00	-6.02	-6.32	-4.43
	1.00	0 (SPOT_A_32_P187827)	A_32_P187827	0.00	-1.12	-1.58	-1.06
	1.00	0 (SPOT_A_32_P189680)	A_32_P189680	0.00	-2.14	-3.32	-1.89
	1.00	0 (SPOT_A_32_P190049)	A_32_P190049	0.00	-4.30	-4.23	-3.48
	1.00	0 (SPOT_A_32_P191735)	A_32_P191735	0.00	-8.53	-9.17	-7.67
	1.00	0 (SPOT_A_32_P194095)	A_32_P194095	0.00	-5.79	-4.59	-3.48
	1.00	0 (SPOT_A_32_P194372)	A_32_P194372	0.00	-3.59	-4.99	-3.03
	1.00	0 (SPOT_A_32_P194891)	A_32_P194891	0.00	-5.32	-6.12	-4.74
	1.00	0 (SPOT_A_32_P195291)	A_32_P195291	0.00	-4.10	-3.84	-2.11
	1.00	0 (SPOT_A_32_P195853)	A_32_P195853	0.00	-4.61	-5.43	-4.85
	1.00	0 (SPOT_A_32_P196036)	A_32_P196036	0.00	-3.09	-5.91	-3.22
	1.00	0 (SPOT_A_32_P196694)	A_32_P196694	0.00	-1.98	-2.33	-1.24
	1.00	KLF13	A_32_P197489	0.00	-4.71	-4.25	-4.34
	1.00	0 (SPOT_A_32_P19840)	A_32_P19840	0.00	-2.25	-2.00	-1.16
	1.00	NEURL1B	A_32_P198731	0.00	-5.41	-4.86	-3.13
	1.00	LOH12CR2	A_32_P198810;A_32_P89730	0.00	-2.28	-3.02	-2.59
	1.00	0 (SPOT_A_32_P200934)	A_32_P200934	0.00	-4.89	-8.68	-6.61
	1.00	0 (SPOT_A_32_P201498)	A_32_P201498	0.00	-1.88	-3.14	-2.59
	1.00	0 (SPOT_A_32_P201521)	A_32_P201521	0.00	-5.97	-7.48	-5.86
	1.00	0 (SPOT_A_32_P203749)	A_32_P203749	0.00	-3.39	-2.88	-2.66
	1.00	PARD6B	A_32_P205637	0.00	-2.97	-3.77	-2.40
	1.00	ZNF322	A_32_P206293	0.00	-1.74	-2.74	-2.20
	1.00	0 (SPOT_A_32_P20952)	A_32_P20952	0.00	-5.28	-6.04	-4.33
	1.00	0 (SPOT_A_32_P209641)	A_32_P209641	0.00	-6.39	-5.16	-4.91
	1.00	0 (SPOT_A_32_P210717)	A_32_P210717	0.00	-3.20	-5.66	-4.86
	1.00	0 (SPOT_A_32_P211386)	A_32_P211386	0.00	-1.66	-1.90	-1.53
	1.00	0 (SPOT_A_32_P212820)	A_32_P212820	0.00	-4.06	-6.55	-6.50
	1.00	0 (SPOT_A_32_P213210)	A_32_P213210	0.00	-1.11	-1.99	-1.14
	1.00	0 (SPOT_A_32_P213917)	A_32_P213917	0.00	-6.06	-8.78	-7.80
	1.00	0 (SPOT_A_32_P213930)	A_32_P213930	0.00	-3.43	-3.94	-4.69
	1.00	0 (SPOT_A_32_P214503)	A_32_P214503	0.00	-8.64	-8.43	-10.19
	1.00	0 (SPOT_A_32_P21459)	A_32_P21459	0.00	-1.92	-3.76	-2.95
	1.00	0 (SPOT_A_32_P214817)	A_32_P214817	0.00	-4.85	-4.28	-4.16
	1.00	0 (SPOT_A_32_P214943)	A_32_P214943	0.00	-1.02	-3.68	-2.72
	1.00	PKD1P6;NPIPA7;NPIPA5;NPIPA8;NPIPA1;NPIPA3;NPIPA2;NPIPP1	A_32_P215179	0.00	-2.35	-2.57	-2.61
	1.00	0 (SPOT_A_32_P2161)	A_32_P2161	0.00	-2.18	-2.77	-2.31
	1.00	0 (SPOT_A_32_P216507)	A_32_P216507	0.00	-6.01	-9.88	-5.77
	1.00	0 (SPOT_A_32_P217330)	A_32_P217330	0.00	-4.92	-6.71	-6.50
	1.00	0 (SPOT_A_32_P217500)	A_32_P217500	0.00	-3.52	-3.97	-4.17
	1.00	0 (SPOT_A_32_P217523)	A_32_P217523	0.00	-1.79	-2.68	-2.52
	1.00	0 (SPOT_A_32_P218251)	A_32_P218251	0.00	-3.77	-4.26	-2.06
	1.00	0 (SPOT_A_32_P220109)	A_32_P220109	0.00	-5.18	-6.47	-5.51
	1.00	0 (SPOT_A_32_P221590)	A_32_P221590	0.00	-4.71	-4.60	-3.54
	1.00	0 (SPOT_A_32_P221631)	A_32_P221631	0.00	-4.97	-4.06	-3.32
	1.00	0 (SPOT_A_32_P222277)	A_32_P222277	0.00	-4.87	-4.47	-5.06
	1.00	0 (SPOT_A_32_P222362)	A_32_P222362	0.00	-4.04	-4.13	-4.71
	1.00	HMGN2P7	A_32_P222383	0.00	-2.43	-2.82	-3.12
	1.00	0 (SPOT_A_32_P222515)	A_32_P222515	0.00	-6.33	-7.11	-3.40
	1.00	0 (SPOT_A_32_P222521)	A_32_P222521	0.00	-5.38	-6.17	-5.40
	1.00	0 (SPOT_A_32_P222664)	A_32_P222664	0.00	-2.10	-1.94	-1.66
	1.00	0 (SPOT_A_32_P223370)	A_32_P223370	0.00	-4.08	-6.59	-5.63
	1.00	0 (SPOT_A_32_P223441)	A_32_P223441	0.00	-1.17	-0.94	-0.97
	1.00	0 (SPOT_A_32_P224327)	A_32_P224327	0.00	-3.26	-3.03	-3.08
	1.00	0 (SPOT_A_32_P224855)	A_32_P224855	0.00	-8.34	-9.84	-10.07
	1.00	0 (SPOT_A_32_P225052)	A_32_P225052	0.00	-1.29	-2.26	-1.61
	1.00	0 (SPOT_A_32_P225667)	A_32_P225667	0.00	-2.36	-2.58	-2.73
	1.00	0 (SPOT_A_32_P228124)	A_32_P228124	0.00	-8.63	-9.32	-5.41
	1.00	0 (SPOT_A_32_P228759)	A_32_P228759	0.00	-3.49	-3.88	-2.25
	1.00	0 (SPOT_A_32_P228886)	A_32_P228886	0.00	-3.26	-5.58	-4.76
	1.00	0 (SPOT_A_32_P229299)	A_32_P229299	0.00	-2.55	-2.86	-1.40
	1.00	0 (SPOT_A_32_P230595)	A_32_P230595	0.00	-7.35	-6.62	-4.78
	1.00	0 (SPOT_A_32_P233769)	A_32_P233769	0.00	-6.80	-7.64	-8.37
	1.00	0 (SPOT_A_32_P234996)	A_32_P234996	0.00	-5.03	-4.39	-4.34
	1.00	0 (SPOT_A_32_P24489)	A_32_P24489	0.00	-3.14	-3.36	-3.61
	1.00	0 (SPOT_A_32_P24794)	A_32_P24794	0.00	-1.45	-1.20	-1.12
	1.00	0 (SPOT_A_32_P26738)	A_32_P26738	0.00	-4.69	-4.38	-4.62
	1.00	0 (SPOT_A_32_P27373)	A_32_P27373	0.00	-5.75	-6.08	-6.85
	1.00	LRRC37B	A_32_P28402	0.00	-3.19	-2.52	-2.44
	1.00	0 (SPOT_A_32_P29507)	A_32_P29507	0.00	-2.49	-2.67	-3.39
	1.00	0 (SPOT_A_32_P29582)	A_32_P29582	0.00	-3.63	-5.12	-4.06
	1.00	0 (SPOT_A_32_P30153)	A_32_P30153	0.00	-4.93	-4.45	-3.35
	1.00	ETV5	A_32_P30649	0.00	-9.57	-8.30	-4.98
	1.00	0 (SPOT_A_32_P31165)	A_32_P31165	0.00	-5.68	-6.48	-6.11
	1.00	0 (SPOT_A_32_P3127)	A_32_P3127	0.00	-2.69	-3.25	-2.63
	1.00	0 (SPOT_A_32_P3131)	A_32_P3131	0.00	-5.63	-8.49	-5.92
	1.00	SENP5	A_32_P32653	0.00	-3.51	-2.70	-2.01
	1.00	0 (SPOT_A_32_P32923)	A_32_P32923	0.00	-0.86	-1.60	-1.01
	1.00	0 (SPOT_A_32_P34970)	A_32_P34970	0.00	-3.95	-3.15	-2.59
	1.00	YTHDC1	A_32_P352697	0.00	-2.81	-4.58	-3.76
	1.00	TECPR2;RNU6-244P	A_32_P355396	0.00	-1.64	-3.09	-1.78
	1.00	0 (SPOT_A_32_P36046)	A_32_P36046	0.00	-2.49	-3.03	-2.94
	1.00	0 (SPOT_A_32_P36835)	A_32_P36835	0.00	-2.49	-1.89	-1.61
	1.00	0 (SPOT_A_32_P37195)	A_32_P37195	0.00	-3.42	-3.10	-2.57
	1.00	0 (SPOT_A_32_P38145)	A_32_P38145	0.00	-5.21	-4.13	-3.89
	1.00	CROCCP3	A_32_P384562	0.00	-3.22	-4.39	-3.38
	1.00	0 (SPOT_A_32_P39049)	A_32_P39049	0.00	-4.88	-4.54	-4.31
	1.00	0 (SPOT_A_32_P401723)	A_32_P401723	0.00	-6.32	-4.48	-3.70
	1.00	0 (SPOT_A_32_P402521)	A_32_P402521	0.00	-2.44	-3.12	-1.39
	1.00	0 (SPOT_A_32_P40424)	A_32_P40424	0.00	-8.84	-8.25	-6.33
	1.00	0 (SPOT_A_32_P404896)	A_32_P404896	0.00	-4.04	-5.62	-3.46
	1.00	0 (SPOT_A_32_P406028)	A_32_P406028	0.00	-3.12	-4.56	-4.54
	1.00	0 (SPOT_A_32_P41026)	A_32_P41026	0.00	-4.81	-5.35	-6.07
	1.00	0 (SPOT_A_32_P41574)	A_32_P41574	0.00	-5.82	-5.73	-5.09
	1.00	0 (SPOT_A_32_P42253)	A_32_P42253	0.00	-4.37	-5.94	-4.96
	1.00	0 (SPOT_A_32_P42367)	A_32_P42367	0.00	-2.90	-2.37	-2.35
	1.00	ZNF182	A_32_P43465	0.00	-1.91	-1.87	-1.19
	1.00	0 (SPOT_A_32_P43959)	A_32_P43959	0.00	-6.88	-7.44	-4.07
	1.00	C16ORF72	A_32_P4403	0.00	-2.32	-1.70	-1.30
	1.00	0 (SPOT_A_32_P44620)	A_32_P44620	0.00	-2.07	-2.28	-2.64
	1.00	0 (SPOT_A_32_P45009)	A_32_P45009	0.00	-3.89	-4.66	-2.21
	1.00	0 (SPOT_A_32_P45713)	A_32_P45713	0.00	-0.86	-1.24	-1.22
	1.00	0 (SPOT_A_32_P458096)	A_32_P458096	0.00	-7.61	-8.07	-4.83
	1.00	0 (SPOT_A_32_P46840)	A_32_P46840	0.00	-3.74	-7.95	-5.46
	1.00	0 (SPOT_A_32_P475642)	A_32_P475642	0.00	-3.78	-4.39	-4.56
	1.00	0 (SPOT_A_32_P48397)	A_32_P48397	0.00	-2.54	-2.01	-1.49
	1.00	0 (SPOT_A_32_P48526)	A_32_P48526	0.00	-4.96	-4.21	-3.18
	1.00	0 (SPOT_A_32_P50834)	A_32_P50834	0.00	-2.74	-5.85	-4.07
	1.00	0 (SPOT_A_32_P509964)	A_32_P509964	0.00	-3.99	-4.55	-5.42
	1.00	0 (SPOT_A_32_P52488)	A_32_P52488	0.00	-6.01	-5.27	-3.86
	1.00	ADI1	A_32_P52911	0.00	-2.59	-3.60	-2.72
	1.00	WWP1P1	A_32_P53558	0.00	-4.07	-3.82	-3.33
	1.00	0 (SPOT_A_32_P542928)	A_32_P542928	0.00	-3.96	-4.85	-3.55
	1.00	0 (SPOT_A_32_P54442)	A_32_P54442	0.00	-1.20	-1.27	-1.52
	1.00	0 (SPOT_A_32_P55045)	A_32_P55045	0.00	-3.89	-3.68	-2.24
	1.00	0 (SPOT_A_32_P56415)	A_32_P56415	0.00	-1.06	-1.58	-1.68
	1.00	0 (SPOT_A_32_P56434)	A_32_P56434	0.00	-4.02	-5.27	-5.12
	1.00	RPS3AP6	A_32_P58074	0.00	-2.77	-2.71	-1.79
	1.00	0 (SPOT_A_32_P58437)	A_32_P58437	0.00	-4.12	-6.12	-5.20
	1.00	0 (SPOT_A_32_P58491)	A_32_P58491	0.00	-3.46	-3.63	-3.30
	1.00	MBTD1	A_32_P58937	0.00	-4.50	-4.53	-3.33
	1.00	0 (SPOT_A_32_P61145)	A_32_P61145	0.00	-5.51	-4.41	-3.75
	1.00	0 (SPOT_A_32_P61308)	A_32_P61308	0.00	-3.61	-5.52	-4.85
	1.00	0 (SPOT_A_32_P62056)	A_32_P62056	0.00	-5.07	-7.74	-4.57
	1.00	0 (SPOT_A_32_P64200)	A_32_P64200	0.00	-0.89	-1.59	-0.83
	1.00	0 (SPOT_A_32_P6535)	A_32_P6535	0.00	-2.43	-3.66	-2.85
	1.00	0 (SPOT_A_32_P67544)	A_32_P67544	0.00	-5.85	-6.55	-5.71
	1.00	0 (SPOT_A_32_P68335)	A_32_P68335	0.00	-3.62	-2.78	-2.46
	1.00	0 (SPOT_A_32_P69296)	A_32_P69296	0.00	-6.05	-6.19	-6.48
	1.00	0 (SPOT_A_32_P69653)	A_32_P69653	0.00	-4.04	-4.28	-4.39
	1.00	CCDC96	A_32_P69930	0.00	-2.57	-3.18	-3.02
	1.00	0 (SPOT_A_32_P70361)	A_32_P70361	0.00	-1.68	-2.04	-1.72
	1.00	0 (SPOT_A_32_P70519)	A_32_P70519	0.00	-4.50	-6.55	-6.98
	1.00	0 (SPOT_A_32_P70891)	A_32_P70891	0.00	-2.54	-3.02	-3.14
	1.00	NCAPD3	A_32_P71447	0.00	-2.15	-3.02	-1.37
	1.00	0 (SPOT_A_32_P72028)	A_32_P72028	0.00	-4.92	-4.84	-4.84
	1.00	EIF1AD	A_32_P749354	0.00	-1.20	-1.65	-0.67
	1.00	0 (SPOT_A_32_P75122)	A_32_P75122	0.00	-2.21	-2.72	-1.19
	1.00	0 (SPOT_A_32_P75772)	A_32_P75772	0.00	-4.35	-4.51	-4.43
	1.00	RPL23AP1;HLA-F-AS1	A_32_P76811	0.00	-1.55	-1.66	-1.13
	1.00	0 (SPOT_A_32_P77252)	A_32_P77252	0.00	-2.21	-3.80	-2.91
	1.00	0 (SPOT_A_32_P77571)	A_32_P77571	0.00	-4.66	-5.18	-5.19
	1.00	0 (SPOT_A_32_P78904)	A_32_P78904	0.00	-4.88	-4.82	-4.21
	1.00	0 (SPOT_A_32_P80255)	A_32_P80255	0.00	-1.46	-2.58	-2.47
	1.00	0 (SPOT_A_32_P81092)	A_32_P81092	0.00	-1.96	-3.84	-2.39
	1.00	0 (SPOT_A_32_P81806)	A_32_P81806	0.00	-2.91	-4.95	-4.66
	1.00	S1PR2	A_32_P827528	0.00	-3.21	-2.85	-2.47
	1.00	0 (SPOT_A_32_P831181)	A_32_P831181	0.00	-1.71	-2.90	-2.82
	1.00	C3ORF62	A_32_P831725	0.00	-2.90	-5.38	-3.10
	1.00	0 (SPOT_A_32_P83174)	A_32_P83174	0.00	-4.33	-4.62	-2.59
	1.00	0 (SPOT_A_32_P83453)	A_32_P83453	0.00	-8.06	-9.24	-4.07
	1.00	0 (SPOT_A_32_P834652)	A_32_P834652	0.00	-3.42	-5.36	-2.54
	1.00	CMTM4	A_32_P84009	0.00	-5.49	-6.08	-6.09
	1.00	0 (SPOT_A_32_P84119)	A_32_P84119	0.00	-6.48	-6.19	-5.23
	1.00	0 (SPOT_A_32_P84289)	A_32_P84289	0.00	-4.24	-5.01	-5.81
	1.00	0 (SPOT_A_32_P84640)	A_32_P84640	0.00	-4.36	-3.19	-2.45
	1.00	STK32B	A_32_P85676	0.00	-5.31	-7.89	-2.75
	1.00	0 (SPOT_A_32_P85880)	A_32_P85880	0.00	-3.26	-5.05	-1.83
	1.00	0 (SPOT_A_32_P8653)	A_32_P8653	0.00	-6.21	-4.49	-3.38
	1.00	0 (SPOT_A_32_P87043)	A_32_P87043	0.00	-5.32	-7.62	-4.00
	1.00	0 (SPOT_A_32_P88310)	A_32_P88310	0.00	-1.37	-1.52	-1.61
	1.00	0 (SPOT_A_32_P88598)	A_32_P88598	0.00	-6.62	-6.31	-5.91
	1.00	0 (SPOT_A_32_P88603)	A_32_P88603	0.00	-4.18	-7.63	-7.26
	1.00	0 (SPOT_A_32_P88764)	A_32_P88764	0.00	-3.29	-6.12	-4.66
	1.00	0 (SPOT_A_32_P88880)	A_32_P88880	0.00	-6.28	-11.42	-10.35
	1.00	0 (SPOT_A_32_P89073)	A_32_P89073	0.00	-6.51	-5.71	-5.17
	1.00	ALG10B	A_32_P89679	0.00	-2.81	-3.49	-3.30
	1.00	0 (SPOT_A_32_P89997)	A_32_P89997	0.00	-2.37	-4.75	-2.89
	1.00	0 (SPOT_A_32_P90695)	A_32_P90695	0.00	-3.59	-3.50	-2.59
	1.00	0 (SPOT_A_32_P91906)	A_32_P91906	0.00	-5.32	-7.19	-4.49
	1.00	0 (SPOT_A_32_P93209)	A_32_P93209	0.00	-1.69	-2.47	-2.15
	1.00	CENPP	A_32_P93996	0.00	-3.50	-6.44	-5.75
	1.00	0 (SPOT_A_32_P94818)	A_32_P94818	0.00	-2.60	-5.70	-3.75
	1.00	0 (SPOT_A_32_P96692)	A_32_P96692	0.00	-3.33	-3.67	-3.73
	1.00	0 (SPOT_A_32_P98534)	A_32_P98534	0.00	-2.15	-2.04	-1.57
	1.00	0 (SPOT_A_32_P98979)	A_32_P98979	0.00	-6.10	-6.56	-7.11
	1.00	0 (SPOT_A_32_P99171)	A_32_P99171	0.00	-3.23	-3.18	-2.17
	1.00	TRAPPC5	A_32_P99432	0.00	-2.25	-2.67	-2.36
