Gene Table for Profile 11 (0.0,1.0,2.0,3.0)
Num. Genes Expected	Num. Genes Assigned	P-Value	Significant
1,766.0	1,260.8	6.7E-44	 (significant)
-------
Selected	Weight	GeneSymbolHGNC	Spot	0	sixHours	twelveHours	twentyFourHours
	1.00	0 (SPOT_A_23_P100092)	A_23_P100092	0.00	4.23	4.29	5.72
	1.00	TMEM170A	A_23_P100517	0.00	3.19	6.27	6.61
	1.00	0 (SPOT_A_23_P101573)	A_23_P101573	0.00	-0.52	3.51	4.14
	1.00	DOT1L	A_23_P101737;A_23_P408768	0.00	2.00	1.91	3.19
	1.00	COQ10B	A_23_P102037	0.00	2.74	2.11	3.75
	1.00	0 (SPOT_A_23_P102481)	A_23_P102481	0.00	1.92	4.03	7.41
	1.00	CTPS2	A_23_P10305	0.00	1.48	2.94	3.42
	1.00	MAFF	A_23_P103110	0.00	1.42	2.49	3.64
	1.00	0 (SPOT_A_23_P103120)	A_23_P103120	0.00	4.62	3.49	6.45
	1.00	CFHR3	A_23_P103256	0.00	7.16	6.10	13.88
	1.00	PTGER3	A_23_P103328	0.00	0.16	0.58	1.08
	1.00	0 (SPOT_A_23_P103496)	A_23_P103496	0.00	10.68	16.21	25.49
	1.00	0 (SPOT_A_23_P103824)	A_23_P103824	0.00	-0.42	1.18	1.45
	1.00	LRRC38	A_23_P103877	0.00	-0.50	8.41	6.79
	1.00	0 (SPOT_A_23_P103981)	A_23_P103981	0.00	5.10	4.10	7.41
	1.00	0 (SPOT_A_23_P103996)	A_23_P103996	0.00	2.64	5.67	7.98
	1.00	ELF3	A_23_P104188	0.00	1.26	1.38	4.05
	1.00	MYPN	A_23_P104438	0.00	0.17	6.06	5.16
	1.00	0 (SPOT_A_23_P104624)	A_23_P104624	0.00	6.29	8.50	7.93
	1.00	EPSTI1	A_23_P105794	0.00	8.38	7.24	13.09
	1.00	0 (SPOT_A_23_P105939)	A_23_P105939	0.00	0.08	6.51	11.54
	1.00	0 (SPOT_A_23_P10614)	A_23_P10614	0.00	2.30	5.80	6.08
	1.00	ERO1A	A_23_P106145	0.00	4.89	3.72	6.85
	1.00	AQP9	A_23_P106362	0.00	4.79	4.56	5.99
	1.00	0 (SPOT_A_23_P107295)	A_23_P107295	0.00	1.07	0.99	1.89
	1.00	0 (SPOT_A_23_P108042)	A_23_P108042	0.00	1.63	1.43	3.27
	1.00	0 (SPOT_A_23_P108180)	A_23_P108180	0.00	-0.26	2.20	3.47
	1.00	TLR1	A_23_P10873	0.00	-0.40	3.36	4.24
	1.00	FHL2	A_23_P108751	0.00	1.51	2.75	4.21
	1.00	CNOT11	A_23_P108761	0.00	1.85	2.41	2.27
	1.00	MOB1A	A_23_P108922;A_24_P379765	0.00	1.17	2.58	2.47
	1.00	MREG	A_23_P108948;A_24_P351283	0.00	0.45	2.25	2.11
	1.00	0 (SPOT_A_23_P110175)	A_23_P110175	0.00	1.52	2.38	4.02
	1.00	GPR174	A_23_P11070	0.00	2.87	2.32	4.44
	1.00	0 (SPOT_A_23_P110725)	A_23_P110725	0.00	3.12	4.84	4.17
	1.00	0 (SPOT_A_23_P110903)	A_23_P110903	0.00	2.07	15.35	15.81
	1.00	BCLAF1P2;BCLAF1	A_23_P111343	0.00	0.79	1.19	1.46
	1.00	PARP12	A_23_P111804	0.00	2.62	2.88	4.49
	1.00	0 (SPOT_A_23_P112086)	A_23_P112086	0.00	-0.69	1.97	2.09
	1.00	TMOD1	A_23_P112289	0.00	0.85	3.37	7.53
	1.00	HDHD3	A_23_P112548	0.00	2.15	1.87	3.89
	1.00	ATF7IP	A_23_P112950	0.00	0.36	1.98	2.26
	1.00	C1ORF21	A_23_P113161;A_24_P173754	0.00	5.09	5.96	8.29
	1.00	0 (SPOT_A_23_P113212)	A_23_P113212	0.00	4.38	5.75	9.95
	1.00	0 (SPOT_A_23_P113258)	A_23_P113258	0.00	6.61	8.17	9.36
	1.00	0 (SPOT_A_23_P113453)	A_23_P113453	0.00	1.63	5.81	6.17
	1.00	0 (SPOT_A_23_P113716)	A_23_P113716	0.00	1.62	2.54	5.20
	1.00	KATNA1	A_23_P113803	0.00	0.51	0.53	1.66
	1.00	NACC2	A_23_P113825	0.00	4.47	5.39	7.76
	1.00	0 (SPOT_A_23_P114361)	A_23_P114361	0.00	2.28	2.16	3.96
	1.00	CFH;CFHR1	A_23_P114740	0.00	11.21	10.84	14.91
	1.00	SZRD1	A_23_P115105;A_24_P405054	0.00	2.45	3.85	3.60
	1.00	FCRL4	A_23_P115200	0.00	2.21	2.56	5.75
	1.00	MSANTD4	A_23_P116168	0.00	2.00	2.10	2.48
	1.00	MDK	A_23_P116235	0.00	5.50	6.19	8.96
	1.00	LAG3	A_23_P116942	0.00	13.14	13.01	17.11
	1.00	PRDM4	A_23_P117146	0.00	0.16	0.89	2.15
	1.00	LARP6	A_23_P117782	0.00	4.60	7.48	8.58
	1.00	RGS11	A_23_P118122	0.00	0.52	2.60	2.48
	1.00	ZG16B	A_23_P118203	0.00	-0.02	2.96	5.42
	1.00	C17ORF62	A_23_P118406	0.00	1.73	1.87	2.81
	1.00	MAP2K3	A_23_P118427;A_24_P296698	0.00	1.60	3.39	5.19
	1.00	DPH1;OVCA2	A_23_P118462	0.00	0.78	1.06	1.02
	1.00	SLFN12	A_23_P118536	0.00	5.39	7.22	6.37
	1.00	DERL2	A_23_P118749	0.00	0.77	0.62	1.30
	1.00	0 (SPOT_A_23_P119023)	A_23_P119023	0.00	3.49	6.53	6.13
	1.00	TMEM185B	A_23_P119789	0.00	1.67	1.38	3.23
	1.00	0 (SPOT_A_23_P119812)	A_23_P119812	0.00	0.16	5.88	7.23
	1.00	0 (SPOT_A_23_P119992)	A_23_P119992	0.00	5.87	6.59	8.04
	1.00	SP110	A_23_P120002	0.00	6.34	8.14	8.20
	1.00	0 (SPOT_A_23_P120667)	A_23_P120667	0.00	2.30	7.61	6.78
	1.00	CSF2RB	A_23_P120899	0.00	4.22	6.78	6.02
	1.00	FAM118A	A_23_P120973	0.00	2.31	1.90	3.42
	1.00	0 (SPOT_A_23_P121102)	A_23_P121102	0.00	0.33	10.03	16.92
	1.00	HESX1	A_23_P121106	0.00	2.41	8.05	9.24
	1.00	TNFSF10	A_23_P121253	0.00	13.10	16.75	20.03
	1.00	GUCY1B3	A_23_P121564	0.00	10.58	12.19	18.36
	1.00	0 (SPOT_A_23_P121573)	A_23_P121573	0.00	5.12	5.64	6.50
	1.00	CXCL13	A_23_P121695	0.00	11.43	19.43	26.13
	1.00	ANXA3	A_23_P121716	0.00	8.82	11.25	17.37
	1.00	LOX	A_23_P122216	0.00	0.85	3.54	3.13
	1.00	0 (SPOT_A_23_P122254)	A_23_P122254	0.00	1.01	0.96	1.74
	1.00	AUTS2	A_23_P122906	0.00	2.52	4.53	7.65
	1.00	AVL9	A_23_P122947;A_24_P272967	0.00	2.85	4.53	3.95
	1.00	0 (SPOT_A_23_P123010)	A_23_P123010	0.00	0.67	1.36	2.12
	1.00	0 (SPOT_A_23_P123060)	A_23_P123060	0.00	2.44	8.23	7.11
	1.00	CAV2	A_23_P123071;A_24_P925040	0.00	1.88	1.98	3.35
	1.00	NUDT18	A_23_P123454	0.00	-0.23	1.10	1.86
	1.00	PPP2R2A	A_23_P123539	0.00	4.10	3.62	5.35
	1.00	0 (SPOT_A_23_P123582)	A_23_P123582	0.00	0.76	2.00	3.21
	1.00	IDNK	A_23_P123732	0.00	0.79	2.78	3.20
	1.00	CCL19	A_23_P123853	0.00	5.39	6.16	8.11
	1.00	0 (SPOT_A_23_P124022)	A_23_P124022	0.00	0.67	1.53	3.00
	1.00	MED10	A_23_P124024	0.00	1.39	1.09	2.06
	1.00	DHX8	A_23_P124224	0.00	0.95	1.58	1.92
	1.00	CMYA5	A_23_P124946	0.00	-1.02	5.59	5.51
	1.00	0 (SPOT_A_23_P125107)	A_23_P125107	0.00	1.83	4.18	7.56
	1.00	0 (SPOT_A_23_P125109)	A_23_P125109	0.00	1.51	2.18	5.42
	1.00	C1R	A_23_P125423	0.00	12.04	10.91	15.88
	1.00	ACOT9	A_23_P125624;A_24_P42501	0.00	2.90	4.10	6.95
	1.00	OR10J5	A_23_P126031	0.00	1.40	1.97	3.28
	1.00	RLF	A_23_P126037	0.00	0.63	1.37	1.14
	1.00	0 (SPOT_A_23_P12686)	A_23_P12686	0.00	0.09	0.49	1.19
	1.00	0 (SPOT_A_23_P126992)	A_23_P126992	0.00	3.55	4.50	4.73
	1.00	DNAJC1	A_23_P127128	0.00	1.67	1.94	3.93
	1.00	IL2RA	A_23_P127288;A_24_P230563	0.00	8.72	8.05	17.46
	1.00	H2AFY2	A_23_P12733	0.00	6.64	6.96	8.85
	1.00	NNMT	A_23_P127584	0.00	12.36	14.94	19.20
	1.00	TNNT3	A_23_P127824	0.00	0.38	2.18	1.80
	1.00	0 (SPOT_A_23_P127926)	A_23_P127926	0.00	1.81	2.15	4.38
	1.00	ADM	A_23_P127948	0.00	6.35	6.94	9.18
	1.00	RAB21	A_23_P128166	0.00	2.97	3.10	3.69
	1.00	0 (SPOT_A_23_P12826)	A_23_P12826	0.00	0.50	3.97	5.90
	1.00	RNF34	A_23_P128396	0.00	-0.19	1.27	2.72
	1.00	IL4R	A_23_P129556	0.00	2.42	4.44	3.97
	1.00	VASN	A_23_P129695	0.00	3.97	10.42	10.96
	1.00	0 (SPOT_A_23_P129989)	A_23_P129989	0.00	2.35	3.46	3.02
	1.00	0 (SPOT_A_23_P131255)	A_23_P131255	0.00	2.64	3.15	5.22
	1.00	ACKR3	A_23_P131676	0.00	2.80	11.68	11.63
	1.00	LINC00158	A_23_P132057	0.00	11.76	12.84	18.53
	1.00	0 (SPOT_A_23_P132121)	A_23_P132121	0.00	1.29	3.03	3.76
	1.00	USP18	A_23_P132159	0.00	10.86	12.83	14.57
	1.00	0 (SPOT_A_23_P13222)	A_23_P13222	0.00	6.79	7.81	8.38
	1.00	0 (SPOT_A_23_P132454)	A_23_P132454	0.00	3.90	4.68	4.95
	1.00	SPCS3	A_23_P132936	0.00	0.78	1.18	3.66
	1.00	HARS	A_23_P133227	0.00	0.27	2.31	5.47
	1.00	NUCB2	A_23_P13364	0.00	1.33	1.09	2.20
	1.00	0 (SPOT_A_23_P133739)	A_23_P133739	0.00	5.55	6.06	6.88
	1.00	NEUROD6	A_23_P134340	0.00	-0.22	0.60	1.03
	1.00	BTBD10	A_23_P13438	0.00	-0.10	2.02	2.00
	1.00	0 (SPOT_A_23_P134527)	A_23_P134527	0.00	2.54	3.57	3.37
	1.00	COL26A1	A_23_P134627	0.00	1.38	1.81	2.22
	1.00	0 (SPOT_A_23_P135015)	A_23_P135015	0.00	1.57	2.76	3.39
	1.00	0 (SPOT_A_23_P135123)	A_23_P135123	0.00	3.33	5.59	4.41
	1.00	FRMD3	A_23_P135132	0.00	1.41	6.16	9.01
	1.00	RABGAP1;GPR21	A_23_P135219	0.00	-0.55	1.52	1.65
	1.00	TLE1	A_23_P135239	0.00	1.47	1.84	3.24
	1.00	0 (SPOT_A_23_P135494)	A_23_P135494	0.00	2.85	4.50	3.89
	1.00	SLCO5A1	A_23_P135669	0.00	9.61	13.81	11.64
	1.00	SINHCAF;FAM60CP;FAM60BP	A_23_P13663	0.00	3.47	6.04	6.43
	1.00	0 (SPOT_A_23_P13679)	A_23_P13679	0.00	1.35	1.50	2.93
	1.00	0 (SPOT_A_23_P136857)	A_23_P136857	0.00	0.88	4.43	10.87
	1.00	APOOL	A_23_P136986	0.00	1.32	2.47	2.37
	1.00	0 (SPOT_A_23_P137196)	A_23_P137196	0.00	0.73	1.14	2.01
	1.00	GPN2	A_23_P138025	0.00	1.64	1.55	2.80
	1.00	0 (SPOT_A_23_P138099)	A_23_P138099	0.00	3.05	3.60	4.99
	1.00	CNN3	A_23_P138168	0.00	0.76	1.95	5.45
	1.00	0 (SPOT_A_23_P138289)	A_23_P138289	0.00	1.38	5.75	6.43
	1.00	0 (SPOT_A_23_P138417)	A_23_P138417	0.00	2.10	2.52	4.26
	1.00	0 (SPOT_A_23_P138426)	A_23_P138426	0.00	5.32	3.97	7.75
	1.00	0 (SPOT_A_23_P138567)	A_23_P138567	0.00	2.75	2.73	5.49
	1.00	0 (SPOT_A_23_P138680)	A_23_P138680	0.00	8.61	8.58	12.20
	1.00	KAT5	A_23_P138849	0.00	0.63	0.88	2.69
	1.00	RSF1	A_23_P139388	0.00	3.05	3.51	4.11
	1.00	0 (SPOT_A_23_P13978)	A_23_P13978	0.00	0.50	2.39	2.41
	1.00	OASL	A_23_P139786	0.00	14.42	12.42	18.51
	1.00	0 (SPOT_A_23_P139825)	A_23_P139825	0.00	0.33	2.21	2.02
	1.00	UBL3	A_23_P140029	0.00	-0.11	3.64	2.77
	1.00	0 (SPOT_A_23_P140277)	A_23_P140277	0.00	4.36	4.23	5.62
	1.00	PSMA3	A_23_P140301	0.00	1.46	2.86	2.69
	1.00	0 (SPOT_A_23_P140807)	A_23_P140807	0.00	4.21	3.15	5.95
	1.00	MEFV	A_23_P140967	0.00	1.24	4.22	4.42
	1.00	ABCC11	A_23_P141076	0.00	6.89	6.94	8.60
	1.00	GLP2R	A_23_P141306;A_32_P78681	0.00	0.18	1.17	1.98
	1.00	C17ORF49;RNASEK;RNASEK-C17ORF49	A_23_P141520	0.00	0.35	1.58	3.47
	1.00	SS18	A_23_P141738	0.00	0.92	1.62	2.39
	1.00	PVR	A_23_P141894;A_24_P65616	0.00	3.87	6.42	9.38
	1.00	ETHE1	A_23_P142294	0.00	0.99	0.86	2.33
	1.00	0 (SPOT_A_23_P142325)	A_23_P142325	0.00	1.23	2.14	2.50
	1.00	EIF2AK2	A_23_P142750	0.00	4.84	7.09	6.24
	1.00	RND3	A_23_P142849	0.00	-0.54	6.94	11.49
	1.00	0 (SPOT_A_23_P143199)	A_23_P143199	0.00	3.83	5.34	5.72
	1.00	0 (SPOT_A_23_P143309)	A_23_P143309	0.00	1.24	1.04	2.09
	1.00	0 (SPOT_A_23_P143331)	A_23_P143331	0.00	10.02	14.75	15.84
	1.00	DUSP18	A_23_P143650	0.00	2.85	2.62	3.89
	1.00	FETUB	A_23_P144126	0.00	0.10	0.61	1.33
	1.00	SLIT2	A_23_P144348	0.00	1.09	3.55	4.47
	1.00	CAMK2D	A_23_P144458;A_32_P47988	0.00	0.61	1.88	2.69
	1.00	EXOC5	A_23_P14464	0.00	1.61	2.86	2.69
	1.00	CDH10	A_23_P144656	0.00	0.05	0.85	1.00
	1.00	PNRC1	A_23_P145074	0.00	8.47	9.04	12.90
	1.00	0 (SPOT_A_23_P145264)	A_23_P145264	0.00	3.38	4.47	8.52
	1.00	0 (SPOT_A_23_P145574)	A_23_P145574	0.00	3.23	4.08	5.59
	1.00	0 (SPOT_A_23_P145724)	A_23_P145724	0.00	6.21	10.11	12.97
	1.00	TPST1	A_23_P145965	0.00	5.20	8.23	6.80
	1.00	MFAP1	A_23_P14636	0.00	1.05	1.15	1.72
	1.00	ADPGK	A_23_P14716	0.00	-0.04	2.04	2.98
	1.00	0 (SPOT_A_23_P147224)	A_23_P147224	0.00	0.38	0.46	1.34
	1.00	0 (SPOT_A_23_P147755)	A_23_P147755	0.00	0.81	1.01	1.49
	1.00	0 (SPOT_A_23_P147786)	A_23_P147786	0.00	3.53	10.25	11.21
	1.00	0 (SPOT_A_23_P147950)	A_23_P147950	0.00	0.68	3.16	4.27
	1.00	0 (SPOT_A_23_P14798)	A_23_P14798	0.00	5.33	7.13	9.55
	1.00	UBE2A	A_23_P148446	0.00	0.62	2.25	2.82
	1.00	OSBPL9	A_23_P148916	0.00	5.31	6.45	6.45
	1.00	0 (SPOT_A_23_P149301)	A_23_P149301	0.00	2.50	2.07	4.84
	1.00	ARHGAP12	A_23_P149775	0.00	2.15	2.59	2.76
	1.00	PDLIM1	A_23_P149992	0.00	1.04	1.24	3.22
	1.00	DUSP5	A_23_P150018	0.00	6.13	13.66	13.28
	1.00	MMRN2	A_23_P150064	0.00	0.48	1.33	2.59
	1.00	MED19	A_23_P150510	0.00	1.26	1.12	2.14
	1.00	0 (SPOT_A_23_P150718)	A_23_P150718	0.00	1.44	2.31	5.11
	1.00	CSRNP2	A_23_P151209	0.00	3.50	4.35	4.18
	1.00	UBFD1	A_23_P15123	0.00	1.42	2.21	3.40
	1.00	RALGAPA1	A_23_P151565	0.00	0.20	1.12	0.98
	1.00	0 (SPOT_A_23_P151570)	A_23_P151570	0.00	0.46	1.51	2.61
	1.00	0 (SPOT_A_23_P151610)	A_23_P151610	0.00	3.56	5.17	7.59
	1.00	PSME1	A_23_P151614	0.00	3.50	3.70	6.59
	1.00	MT1F	A_23_P15174	0.00	2.77	4.44	9.18
	1.00	TRIP4	A_23_P152028	0.00	2.68	3.11	4.06
	1.00	ICAM2	A_23_P152655	0.00	1.64	3.04	4.07
	1.00	KAT7	A_23_P152818	0.00	0.83	1.13	3.01
	1.00	CCL5	A_23_P152838	0.00	13.59	14.59	16.92
	1.00	SLC6A4	A_23_P152995;A_32_P182812	0.00	1.10	1.55	1.62
	1.00	0 (SPOT_A_23_P153320)	A_23_P153320	0.00	5.84	6.09	8.03
	1.00	0 (SPOT_A_23_P153651)	A_23_P153651	0.00	3.69	3.76	5.57
	1.00	0 (SPOT_A_23_P153905)	A_23_P153905	0.00	4.48	3.68	6.21
	1.00	ACVR2A	A_23_P153930	0.00	1.08	0.94	2.48
	1.00	0 (SPOT_A_23_P154155)	A_23_P154155	0.00	2.24	3.58	5.31
	1.00	TANK	A_23_P154306;A_24_P257108	0.00	5.20	6.15	6.58
	1.00	0 (SPOT_A_23_P15478)	A_23_P15478	0.00	3.52	7.08	12.47
	1.00	0 (SPOT_A_23_P154786)	A_23_P154786	0.00	1.54	6.18	7.46
	1.00	TRPC4AP	A_23_P154801	0.00	2.34	2.68	5.10
	1.00	KCNE1B;KCNE1	A_23_P154855	0.00	5.17	5.25	6.47
	1.00	DSCR3	A_23_P154874;A_24_P164894;A_24_P254346	0.00	2.21	3.33	3.23
	1.00	0 (SPOT_A_23_P154919)	A_23_P154919	0.00	0.00	1.04	1.87
	1.00	0 (SPOT_A_23_P154972)	A_23_P154972	0.00	0.34	3.54	3.81
	1.00	0 (SPOT_A_23_P155837)	A_23_P155837	0.00	-0.75	2.19	2.54
	1.00	0 (SPOT_A_23_P156076)	A_23_P156076	0.00	-0.07	3.15	3.12
	1.00	0 (SPOT_A_23_P156505)	A_23_P156505	0.00	6.02	9.43	12.84
	1.00	ABHD16A	A_23_P156697	0.00	2.05	1.62	3.19
	1.00	0 (SPOT_A_23_P156993)	A_23_P156993	0.00	1.94	2.87	2.72
	1.00	CNTLN	A_23_P157963	0.00	2.34	6.13	6.39
	1.00	KRTAP4-12	A_23_P15798	0.00	0.95	1.77	2.10
	1.00	BRIP1	A_23_P15844	0.00	12.26	18.33	15.59
	1.00	STARD5	A_23_P158880	0.00	2.60	3.73	3.72
	1.00	0 (SPOT_A_23_P158976)	A_23_P158976	0.00	0.20	3.08	3.45
	1.00	TBX22	A_23_P159676	0.00	0.03	1.34	1.02
	1.00	C1GALT1C1	A_23_P159839	0.00	2.71	3.13	3.54
	1.00	0 (SPOT_A_23_P159877)	A_23_P159877	0.00	3.11	2.37	5.03
	1.00	0 (SPOT_A_23_P1602)	A_23_P1602	0.00	11.04	13.17	15.80
	1.00	ZNF296	A_23_P16058	0.00	1.30	2.49	4.51
	1.00	BATF3	A_23_P160720	0.00	13.59	14.85	18.31
	1.00	0 (SPOT_A_23_P160920)	A_23_P160920	0.00	2.96	2.22	4.05
	1.00	0 (SPOT_A_23_P161064)	A_23_P161064	0.00	4.69	5.67	6.29
	1.00	0 (SPOT_A_23_P161386)	A_23_P161386	0.00	1.80	2.24	2.42
	1.00	FOSL1	A_23_P161624	0.00	-0.36	2.22	2.28
	1.00	CWF19L2	A_23_P161719	0.00	0.73	1.19	1.30
	1.00	CCDC90B	A_23_P162127	0.00	0.96	1.57	2.75
	1.00	KCTD14	A_23_P162165	0.00	10.57	11.55	15.04
	1.00	PIP4K2C	A_23_P162199	0.00	0.25	1.70	3.12
	1.00	0 (SPOT_A_23_P162425)	A_23_P162425	0.00	2.92	3.00	5.80
	1.00	SRGAP1	A_23_P162449	0.00	1.03	1.27	3.53
	1.00	0 (SPOT_A_23_P162739)	A_23_P162739	0.00	2.01	1.82	2.62
	1.00	DOCK9	A_23_P162766	0.00	1.46	1.50	3.58
	1.00	PCNX4	A_23_P163059	0.00	1.25	1.04	1.65
	1.00	0 (SPOT_A_23_P163079)	A_23_P163079	0.00	11.55	15.34	14.50
	1.00	ST20-MTHFS;MTHFS	A_23_P163380	0.00	1.54	4.27	4.47
	1.00	0 (SPOT_A_23_P163390)	A_23_P163390	0.00	0.99	3.41	3.43
	1.00	SCAPER	A_23_P163408;A_24_P162244	0.00	1.76	1.83	3.56
	1.00	0 (SPOT_A_23_P163814)	A_23_P163814	0.00	0.62	1.07	3.12
	1.00	0 (SPOT_A_23_P163850)	A_23_P163850	0.00	1.21	2.96	3.33
	1.00	PLAUR	A_23_P16469	0.00	2.54	2.47	3.18
	1.00	0 (SPOT_A_23_P164752)	A_23_P164752	0.00	0.68	3.13	4.17
	1.00	0 (SPOT_A_23_P165042)	A_23_P165042	0.00	7.46	10.10	12.43
	1.00	NRBP1	A_23_P165442	0.00	1.44	1.71	2.77
	1.00	TNFAIP6	A_23_P165624	0.00	7.70	10.36	10.08
	1.00	EIF4E2	A_23_P165722	0.00	-0.03	1.76	2.48
	1.00	ZSWIM3	A_23_P165984	0.00	1.74	1.87	2.97
	1.00	0 (SPOT_A_23_P166360)	A_23_P166360	0.00	14.68	16.83	19.18
	1.00	RTP4	A_23_P166797	0.00	6.65	7.57	10.95
	1.00	LTF	A_23_P166848	0.00	0.24	1.82	1.46
	1.00	SERPINI1	A_23_P166929	0.00	1.52	2.50	2.85
	1.00	CD38	A_23_P167328	0.00	12.65	14.89	16.02
	1.00	0 (SPOT_A_23_P167452)	A_23_P167452	0.00	3.28	3.78	5.28
	1.00	PRLR	A_23_P167468;A_24_P671164	0.00	3.15	6.09	8.81
	1.00	RETREG1	A_23_P167599	0.00	1.96	2.57	3.10
	1.00	PRPF40A	A_23_P16762	0.00	0.26	1.64	1.95
	1.00	MAS1	A_23_P168339	0.00	2.19	5.29	5.91
	1.00	0 (SPOT_A_23_P168479)	A_23_P168479	0.00	0.52	1.59	3.42
	1.00	0 (SPOT_A_23_P168587)	A_23_P168587	0.00	1.89	1.85	3.16
	1.00	0 (SPOT_A_23_P168818)	A_23_P168818	0.00	2.95	4.20	4.72
	1.00	0 (SPOT_A_23_P169331)	A_23_P169331	0.00	0.50	1.79	2.99
	1.00	ORM1	A_23_P169494	0.00	0.02	2.61	4.95
	1.00	0 (SPOT_A_23_P170030)	A_23_P170030	0.00	-0.07	3.91	5.50
	1.00	0 (SPOT_A_23_P170058)	A_23_P170058	0.00	1.68	1.57	2.94
	1.00	0 (SPOT_A_23_P170233)	A_23_P170233	0.00	1.12	1.79	5.37
	1.00	0 (SPOT_A_23_P170290)	A_23_P170290	0.00	1.21	1.37	2.61
	1.00	CCL20	A_23_P17065	0.00	2.89	13.73	11.65
	1.00	0 (SPOT_A_23_P170733)	A_23_P170733	0.00	6.85	6.39	9.48
	1.00	CCDC115	A_23_P17074;A_24_P54485	0.00	2.07	2.92	6.52
	1.00	0 (SPOT_A_23_P170761)	A_23_P170761	0.00	3.13	7.24	6.26
	1.00	USP11	A_23_P171366	0.00	0.73	1.91	5.09
	1.00	PCED1A	A_23_P17471	0.00	0.68	3.10	3.15
	1.00	TRIOBP	A_23_P17855	0.00	-0.32	2.77	2.05
	1.00	PAPD7	A_23_P18824	0.00	2.45	4.18	4.23
	1.00	0 (SPOT_A_23_P18901)	A_23_P18901	0.00	0.69	0.99	2.68
	1.00	DSE	A_23_P19226	0.00	0.55	3.94	5.22
	1.00	EZR	A_23_P19590	0.00	2.91	3.65	4.06
	1.00	RARRES3	A_23_P1962	0.00	7.16	7.05	9.60
	1.00	TAB2	A_23_P19702	0.00	2.43	3.78	2.94
	1.00	BMP5	A_23_P19723	0.00	0.12	2.06	2.11
	1.00	SPSB1	A_23_P200096;A_24_P96961	0.00	1.43	2.30	2.20
	1.00	0 (SPOT_A_23_P200186)	A_23_P200186	0.00	1.24	1.17	2.22
	1.00	AK2	A_23_P200404;A_24_P179903;A_24_P500891	0.00	3.14	3.51	5.27
	1.00	0 (SPOT_A_23_P200425)	A_23_P200425	0.00	1.02	0.96	2.08
	1.00	GSTK1	A_23_P20107	0.00	2.77	3.91	3.91
	1.00	0 (SPOT_A_23_P201510)	A_23_P201510	0.00	3.55	6.92	6.79
	1.00	DENND1B	A_23_P201605	0.00	3.23	6.38	9.95
	1.00	0 (SPOT_A_23_P202)	A_23_P202	0.00	2.58	3.97	4.66
	1.00	0 (SPOT_A_23_P202029)	A_23_P202029	0.00	-0.12	1.41	1.93
	1.00	NFKB2	A_23_P202156	0.00	4.29	6.40	5.83
	1.00	HERC4	A_23_P202408;A_24_P346807	0.00	2.05	2.71	2.95
	1.00	MAP2K1	A_23_P20248	0.00	-0.43	1.93	3.57
	1.00	CDHR5	A_23_P202683;A_24_P352388	0.00	0.48	0.92	2.98
	1.00	CASP1	A_23_P202978	0.00	0.65	4.59	6.90
	1.00	RDX	A_23_P203023	0.00	1.86	1.62	3.93
	1.00	RCN1	A_23_P203299	0.00	5.90	6.06	7.37
	1.00	NUP98	A_23_P203586;A_23_P308032	0.00	1.33	2.78	2.35
	1.00	0 (SPOT_A_23_P203729)	A_23_P203729	0.00	0.62	1.13	3.63
	1.00	0 (SPOT_A_23_P203983)	A_23_P203983	0.00	2.69	3.73	6.18
	1.00	0 (SPOT_A_23_P204333)	A_23_P204333	0.00	0.95	0.79	1.24
	1.00	SCYL2	A_23_P204550	0.00	2.67	3.20	4.05
	1.00	0 (SPOT_A_23_P205046)	A_23_P205046	0.00	-0.19	2.23	3.28
	1.00	0 (SPOT_A_23_P205200)	A_23_P205200	0.00	1.82	2.02	3.53
	1.00	0 (SPOT_A_23_P205265)	A_23_P205265	0.00	2.70	3.61	5.07
	1.00	0 (SPOT_A_23_P205367)	A_23_P205367	0.00	-0.31	0.89	1.00
	1.00	FOXG1	A_23_P205428	0.00	0.09	0.45	1.06
	1.00	ARPP19	A_23_P205768;A_24_P313262	0.00	0.44	0.80	1.67
	1.00	0 (SPOT_A_23_P206290)	A_23_P206290	0.00	0.99	2.64	2.18
	1.00	APIP	A_23_P2066	0.00	1.02	1.98	2.73
	1.00	IST1	A_23_P206759	0.00	2.70	2.32	4.03
	1.00	HPR;HP	A_23_P206760	0.00	0.50	1.13	0.88
	1.00	ADAM11	A_23_P207345	0.00	3.88	6.07	15.30
	1.00	CCL8	A_23_P207456	0.00	-0.05	3.05	4.46
	1.00	CCL4	A_23_P207564	0.00	10.06	11.72	17.32
	1.00	CCL16	A_23_P207582	0.00	-0.01	5.32	10.44
	1.00	0 (SPOT_A_23_P207596)	A_23_P207596	0.00	1.07	1.53	1.54
	1.00	0 (SPOT_A_23_P207905)	A_23_P207905	0.00	3.50	2.95	6.98
	1.00	0 (SPOT_A_23_P208119)	A_23_P208119	0.00	6.46	8.54	11.37
	1.00	ASCL3	A_23_P2083	0.00	-0.93	2.89	3.77
	1.00	RPL28;MIR6805	A_23_P208358	0.00	-0.07	0.84	1.86
	1.00	0 (SPOT_A_23_P209006)	A_23_P209006	0.00	4.35	4.03	7.31
	1.00	0 (SPOT_A_23_P209167)	A_23_P209167	0.00	4.03	5.83	7.38
	1.00	C19ORF12	A_23_P209195	0.00	2.97	2.66	4.27
	1.00	KANSL3	A_23_P209538	0.00	-0.14	1.24	1.90
	1.00	0 (SPOT_A_23_P209678)	A_23_P209678	0.00	2.73	2.16	3.55
	1.00	TRIM68	A_23_P2097	0.00	0.22	0.59	1.62
	1.00	SP140	A_23_P209726;A_24_P328504	0.00	4.20	4.88	5.99
	1.00	HSPE1-MOB4;MOB4	A_23_P210274	0.00	2.51	3.35	3.58
	1.00	0 (SPOT_A_23_P210419)	A_23_P210419	0.00	3.14	3.48	4.08
	1.00	0 (SPOT_A_23_P21072)	A_23_P21072	0.00	1.20	1.07	2.04
	1.00	0 (SPOT_A_23_P210872)	A_23_P210872	0.00	0.73	1.68	2.41
	1.00	EIF6	A_23_P210939	0.00	-0.07	1.08	1.97
	1.00	ADAMTS1	A_23_P211039	0.00	-0.08	1.57	2.22
	1.00	KREMEN1	A_23_P211401;A_23_P68851	0.00	4.43	4.53	6.10
	1.00	LRRFIP2	A_23_P211806;A_23_P317184	0.00	1.54	3.55	4.44
	1.00	MAP4	A_23_P211814;A_24_P240242	0.00	1.01	3.23	2.75
	1.00	0 (SPOT_A_23_P211910)	A_23_P211910	0.00	1.98	14.47	19.38
	1.00	0 (SPOT_A_23_P211997)	A_23_P211997	0.00	2.15	1.91	2.94
	1.00	0 (SPOT_A_23_P212061)	A_23_P212061	0.00	0.46	1.66	1.59
	1.00	0 (SPOT_A_23_P21249)	A_23_P21249	0.00	-0.15	1.53	1.25
	1.00	0 (SPOT_A_23_P21260)	A_23_P21260	0.00	0.95	1.75	4.98
	1.00	0 (SPOT_A_23_P212781)	A_23_P212781	0.00	-0.04	2.87	5.50
	1.00	CEP135	A_23_P212792	0.00	3.16	3.57	5.63
	1.00	0 (SPOT_A_23_P212870)	A_23_P212870	0.00	1.10	1.31	1.92
	1.00	0 (SPOT_A_23_P212914)	A_23_P212914	0.00	1.77	5.63	8.17
	1.00	0 (SPOT_A_23_P213114)	A_23_P213114	0.00	-0.04	1.58	2.95
	1.00	DNAJB14	A_23_P213199	0.00	0.14	2.09	2.35
	1.00	0 (SPOT_A_23_P21333)	A_23_P21333	0.00	-1.50	3.63	4.23
	1.00	0 (SPOT_A_23_P213471)	A_23_P213471	0.00	0.58	3.57	3.35
	1.00	CSNK1G3	A_23_P213602;A_24_P234792	0.00	0.46	1.21	2.26
	1.00	NRG2	A_23_P213699	0.00	6.31	8.12	17.20
	1.00	0 (SPOT_A_23_P21393)	A_23_P21393	0.00	1.01	1.08	1.57
	1.00	0 (SPOT_A_23_P213966)	A_23_P213966	0.00	0.11	1.71	2.13
	1.00	IRF4	A_23_P214360	0.00	9.09	10.12	15.70
	1.00	0 (SPOT_A_23_P214432)	A_23_P214432	0.00	2.65	4.82	4.16
	1.00	0 (SPOT_A_23_P214554)	A_23_P214554	0.00	0.14	0.53	1.06
	1.00	0 (SPOT_A_23_P214578)	A_23_P214578	0.00	3.09	3.13	4.04
	1.00	FLOT1	A_23_P214603	0.00	1.11	2.92	5.08
	1.00	FBXL4	A_23_P214739	0.00	-0.32	2.84	2.29
	1.00	EDN1	A_23_P214821	0.00	4.91	9.93	14.89
	1.00	0 (SPOT_A_23_P214908)	A_23_P214908	0.00	1.74	1.89	2.62
	1.00	WTAP	A_23_P215037;A_32_P219368	0.00	5.97	6.72	7.43
	1.00	ZC3HC1	A_23_P215088	0.00	1.03	1.79	1.47
	1.00	NUB1	A_23_P215154	0.00	7.72	7.45	10.91
	1.00	COA1	A_23_P215675	0.00	2.99	3.89	7.31
	1.00	ZNF655	A_23_P215819;A_23_P345081	0.00	0.30	0.45	1.10
	1.00	SCARA3	A_23_P215900	0.00	1.41	1.43	2.37
	1.00	0 (SPOT_A_23_P216071)	A_23_P216071	0.00	0.96	2.72	3.47
	1.00	0 (SPOT_A_23_P216167)	A_23_P216167	0.00	-1.19	4.31	4.08
	1.00	0 (SPOT_A_23_P216257)	A_23_P216257	0.00	3.57	5.01	6.19
	1.00	0 (SPOT_A_23_P216766)	A_23_P216766	0.00	3.29	3.83	4.51
	1.00	GFI1B	A_23_P216845	0.00	1.01	1.15	1.93
	1.00	0 (SPOT_A_23_P216970)	A_23_P216970	0.00	8.92	10.08	12.85
	1.00	SLC31A2	A_23_P217109	0.00	6.18	9.31	7.31
	1.00	FGF13	A_23_P217319;A_23_P360268	0.00	2.84	7.55	10.41
	1.00	0 (SPOT_A_23_P217399)	A_23_P217399	0.00	1.32	3.17	3.61
	1.00	0 (SPOT_A_23_P21800)	A_23_P21800	0.00	2.03	1.98	4.20
	1.00	0 (SPOT_A_23_P218108)	A_23_P218108	0.00	1.16	3.38	3.25
	1.00	SERPINA1	A_23_P218111	0.00	1.72	2.57	4.29
	1.00	PPP4R3A	A_23_P218158	0.00	-0.10	0.87	1.14
	1.00	0 (SPOT_A_23_P218555)	A_23_P218555	0.00	1.10	4.18	3.36
	1.00	RTEL1-TNFRSF6B;TNFRSF6B	A_23_P218646	0.00	6.97	8.52	11.38
	1.00	0 (SPOT_A_23_P218685)	A_23_P218685	0.00	0.47	2.30	2.93
	1.00	CPT1B;CHKB-CPT1B	A_23_P218817	0.00	0.88	1.52	4.32
	1.00	RGS3	A_23_P219197;A_24_P377775	0.00	1.66	1.85	2.98
	1.00	GRAMD2B	A_23_P22350	0.00	2.77	7.93	6.92
	1.00	SEPT6	A_23_P22614	0.00	0.87	1.28	2.91
	1.00	TAC3	A_23_P2283	0.00	5.11	7.80	12.25
	1.00	0 (SPOT_A_23_P22957)	A_23_P22957	0.00	3.40	4.20	4.07
	1.00	ZSCAN20	A_23_P23102	0.00	1.94	3.43	2.81
	1.00	GADD45A	A_23_P23221	0.00	6.06	8.70	11.04
	1.00	BLZF1	A_23_P23266;A_24_P119259	0.00	7.74	9.28	9.98
	1.00	MLLT11	A_23_P23346	0.00	2.23	2.66	5.62
	1.00	PRCC	A_23_P23411	0.00	0.32	1.49	1.39
	1.00	CBX5	A_23_P2355	0.00	0.07	4.88	4.66
	1.00	PLEKHN1	A_23_P23616	0.00	4.03	3.57	8.04
	1.00	SLC30A1	A_23_P23815	0.00	0.98	1.51	4.68
	1.00	MAP3K8	A_23_P23947	0.00	4.62	5.74	5.82
	1.00	MINDY3	A_23_P23983	0.00	2.04	3.57	4.17
	1.00	0 (SPOT_A_23_P24193)	A_23_P24193	0.00	1.84	3.51	5.93
	1.00	IDI2-AS1	A_23_P24275	0.00	-0.19	2.20	4.72
	1.00	OR8U1	A_23_P24676	0.00	-0.42	2.38	2.24
	1.00	FNTA	A_23_P24926	0.00	-0.15	0.71	0.98
	1.00	0 (SPOT_A_23_P250353)	A_23_P250353	0.00	8.31	7.20	11.14
	1.00	0 (SPOT_A_23_P250904)	A_23_P250904	0.00	1.09	1.47	1.59
	1.00	0 (SPOT_A_23_P250910)	A_23_P250910	0.00	2.02	2.90	3.09
	1.00	0 (SPOT_A_23_P251002)	A_23_P251002	0.00	4.69	6.67	9.40
	1.00	MAMLD1	A_23_P251075	0.00	4.53	5.18	6.73
	1.00	0 (SPOT_A_23_P251248)	A_23_P251248	0.00	0.67	0.74	2.67
	1.00	0 (SPOT_A_23_P251359)	A_23_P251359	0.00	0.28	3.03	3.76
	1.00	ABCF1	A_23_P251660	0.00	0.33	1.77	1.82
	1.00	WDR45	A_23_P251717	0.00	1.91	2.43	2.39
	1.00	0 (SPOT_A_23_P251730)	A_23_P251730	0.00	3.61	4.97	5.12
	1.00	0 (SPOT_A_23_P251825)	A_23_P251825	0.00	3.32	6.88	7.25
	1.00	0 (SPOT_A_23_P251965)	A_23_P251965	0.00	2.41	4.64	6.11
	1.00	0 (SPOT_A_23_P252075)	A_23_P252075	0.00	3.38	3.23	4.81
	1.00	RIPK2	A_23_P252106	0.00	7.86	10.75	12.31
	1.00	C1GALT1	A_23_P252145	0.00	3.75	4.68	6.37
	1.00	0 (SPOT_A_23_P253046)	A_23_P253046	0.00	0.10	1.14	2.73
	1.00	0 (SPOT_A_23_P253145)	A_23_P253145	0.00	1.02	8.17	7.36
	1.00	ARHGEF4	A_23_P253221;A_24_P302685	0.00	1.03	1.80	4.89
	1.00	0 (SPOT_A_23_P253434)	A_23_P253434	0.00	2.86	4.86	4.32
	1.00	TTPAL	A_23_P253561	0.00	0.13	1.88	2.35
	1.00	0 (SPOT_A_23_P254091)	A_23_P254091	0.00	1.60	2.39	2.14
	1.00	0 (SPOT_A_23_P254226)	A_23_P254226	0.00	1.88	3.52	2.75
	1.00	TUBB6	A_23_P254271	0.00	2.16	3.83	3.79
	1.00	NIM1K	A_23_P254863	0.00	8.78	14.22	11.36
	1.00	SLC35A5	A_23_P255057	0.00	3.02	2.38	4.13
	1.00	0 (SPOT_A_23_P255111)	A_23_P255111	0.00	1.70	4.16	9.18
	1.00	0 (SPOT_A_23_P255263)	A_23_P255263	0.00	2.97	4.63	3.59
	1.00	DAPP1	A_23_P255444	0.00	6.19	9.55	9.89
	1.00	0 (SPOT_A_23_P255653)	A_23_P255653	0.00	2.65	5.82	7.49
	1.00	AKIRIN1	A_23_P256148	0.00	2.70	3.37	3.41
	1.00	STX4	A_23_P256375	0.00	-0.29	1.05	1.22
	1.00	0 (SPOT_A_23_P256487)	A_23_P256487	0.00	6.08	6.14	8.37
	1.00	0 (SPOT_A_23_P257155)	A_23_P257155	0.00	-0.47	1.65	1.24
	1.00	0 (SPOT_A_23_P257296)	A_23_P257296	0.00	-0.37	2.59	2.18
	1.00	0 (SPOT_A_23_P257542)	A_23_P257542	0.00	3.91	5.39	7.91
	1.00	0 (SPOT_A_23_P258582)	A_23_P258582	0.00	3.45	4.68	5.09
	1.00	DPH3P1	A_23_P258814	0.00	2.79	3.22	5.73
	1.00	0 (SPOT_A_23_P259094)	A_23_P259094	0.00	1.11	1.30	4.74
	1.00	ZSCAN16	A_23_P259098	0.00	3.04	2.71	5.97
	1.00	0 (SPOT_A_23_P259189)	A_23_P259189	0.00	2.38	1.87	3.09
	1.00	TMEM120A	A_23_P259632	0.00	-0.14	2.77	2.98
	1.00	COPS2	A_23_P26021	0.00	0.17	0.87	1.63
	1.00	0 (SPOT_A_23_P26072)	A_23_P26072	0.00	-1.45	3.29	5.16
	1.00	0 (SPOT_A_23_P26084)	A_23_P26084	0.00	2.19	2.90	4.05
	1.00	ZC3H7A	A_23_P26336	0.00	1.22	1.98	2.22
	1.00	0 (SPOT_A_23_P26426)	A_23_P26426	0.00	1.07	1.17	1.86
	1.00	RAP1B	A_23_P2661	0.00	0.71	3.04	4.88
	1.00	CANT1	A_23_P26759;A_24_P116669	0.00	2.06	2.27	3.17
	1.00	RPAP3	A_23_P2683	0.00	1.69	3.26	4.13
	1.00	SOX9	A_23_P26847	0.00	2.81	2.85	4.90
	1.00	TMEM199;MIR4723	A_23_P27048	0.00	0.14	1.39	2.20
	1.00	0 (SPOT_A_23_P27247)	A_23_P27247	0.00	3.07	4.73	5.20
	1.00	0 (SPOT_A_23_P28559)	A_23_P28559	0.00	0.52	1.21	2.67
	1.00	0 (SPOT_A_23_P28582)	A_23_P28582	0.00	4.04	7.38	6.90
	1.00	SAMSN1	A_23_P29005	0.00	5.13	4.21	8.13
	1.00	PDE9A	A_23_P29096	0.00	-1.46	8.34	12.15
	1.00	MTFP1	A_23_P29204	0.00	2.51	2.11	3.26
	1.00	FBXO7	A_23_P29225	0.00	1.96	3.50	5.05
	1.00	0 (SPOT_A_23_P29237)	A_23_P29237	0.00	9.53	7.35	16.75
	1.00	0 (SPOT_A_23_P2935)	A_23_P2935	0.00	7.10	8.07	12.96
	1.00	OR4K1	A_23_P2973	0.00	-1.16	3.45	3.08
	1.00	LAMP3	A_23_P29773	0.00	18.22	19.81	22.98
	1.00	TLR3	A_23_P29922	0.00	5.34	6.21	7.22
	1.00	PDGFRA	A_23_P300033	0.00	5.19	6.28	11.74
	1.00	0 (SPOT_A_23_P300174)	A_23_P300174	0.00	-0.12	1.29	1.86
	1.00	0 (SPOT_A_23_P30069)	A_23_P30069	0.00	4.00	4.56	6.72
	1.00	KLF3-AS1	A_23_P30163	0.00	1.55	3.47	3.49
	1.00	0 (SPOT_A_23_P301962)	A_23_P301962	0.00	1.40	2.51	2.89
	1.00	FIGNL1	A_23_P302681	0.00	2.52	3.53	5.15
	1.00	FGFR2	A_23_P303145;A_24_P206624	0.00	0.57	1.71	3.52
	1.00	0 (SPOT_A_23_P303251)	A_23_P303251	0.00	0.21	3.59	3.21
	1.00	NOL4L	A_23_P303548;A_23_P372096;A_24_P101800;A_24_P118938	0.00	0.70	1.78	1.35
	1.00	0 (SPOT_A_23_P30395)	A_23_P30395	0.00	3.28	3.87	4.28
	1.00	0 (SPOT_A_23_P305060)	A_23_P305060	0.00	11.51	16.25	13.38
	1.00	STAT4	A_23_P305198;A_23_P68031	0.00	11.29	10.69	15.24
	1.00	0 (SPOT_A_23_P306148)	A_23_P306148	0.00	4.12	3.87	6.85
	1.00	NFKBIE	A_23_P30655	0.00	2.82	5.09	8.32
	1.00	POLI	A_23_P306890	0.00	1.18	1.88	4.30
	1.00	0 (SPOT_A_23_P306964)	A_23_P306964	0.00	1.61	1.91	3.67
	1.00	HLA-DOB	A_23_P30736	0.00	5.91	6.00	11.07
	1.00	RRP36	A_23_P308581	0.00	0.45	1.15	2.12
	1.00	SRC	A_23_P308603	0.00	1.22	1.51	3.85
	1.00	AGK	A_23_P309224	0.00	1.20	1.61	3.16
	1.00	0 (SPOT_A_23_P309281)	A_23_P309281	0.00	2.06	2.44	6.95
	1.00	MARCKSL1	A_23_P310	0.00	3.23	4.65	8.59
	1.00	0 (SPOT_A_23_P310094)	A_23_P310094	0.00	11.71	14.05	20.73
	1.00	TIMM29	A_23_P310532	0.00	0.25	0.69	2.01
	1.00	GINM1	A_23_P31109	0.00	0.95	1.80	1.98
	1.00	0 (SPOT_A_23_P31177)	A_23_P31177	0.00	1.31	6.40	5.27
	1.00	CCDC82	A_23_P312246	0.00	0.53	2.41	3.19
	1.00	RBM19	A_23_P312344	0.00	-0.48	1.51	1.39
	1.00	PNPLA8	A_23_P312718	0.00	2.20	2.83	3.04
	1.00	C11ORF84	A_23_P313223	0.00	1.04	2.98	2.65
	1.00	UGCG	A_23_P313389	0.00	-0.50	2.17	1.70
	1.00	SERPINB10	A_23_P313981	0.00	2.37	9.85	11.03
	1.00	CHKB;CHKB-CPT1B	A_23_P314120	0.00	0.54	1.71	1.74
	1.00	0 (SPOT_A_23_P314526)	A_23_P314526	0.00	2.42	2.76	3.07
	1.00	0 (SPOT_A_23_P314666)	A_23_P314666	0.00	0.73	1.40	2.09
	1.00	PI4KB	A_23_P314726	0.00	0.39	1.94	2.83
	1.00	0 (SPOT_A_23_P315336)	A_23_P315336	0.00	2.34	2.41	4.28
	1.00	RFTN1	A_23_P315571	0.00	6.60	7.57	9.04
	1.00	0 (SPOT_A_23_P317200)	A_23_P317200	0.00	0.82	1.14	1.12
	1.00	0 (SPOT_A_23_P317691)	A_23_P317691	0.00	0.05	0.51	1.24
	1.00	CNOT9	A_23_P318039	0.00	1.28	2.19	4.07
	1.00	0 (SPOT_A_23_P318800)	A_23_P318800	0.00	7.45	9.28	12.20
	1.00	0 (SPOT_A_23_P319512)	A_23_P319512	0.00	1.45	2.14	2.79
	1.00	KIAA1324L	A_23_P320242	0.00	1.92	3.85	6.12
	1.00	SLC35D2	A_23_P32029	0.00	2.17	1.81	4.16
	1.00	NMRK1	A_23_P32036	0.00	0.76	2.35	2.64
	1.00	0 (SPOT_A_23_P320883)	A_23_P320883	0.00	1.08	1.27	2.89
	1.00	0 (SPOT_A_23_P320897)	A_23_P320897	0.00	-0.19	2.22	4.90
	1.00	0 (SPOT_A_23_P321920)	A_23_P321920	0.00	3.11	4.66	5.16
	1.00	0 (SPOT_A_23_P32249)	A_23_P32249	0.00	0.68	3.35	3.36
	1.00	FAM177A1	A_23_P322704	0.00	6.44	8.27	10.44
	1.00	PLEKHG2	A_23_P323563	0.00	2.23	6.53	6.76
	1.00	0 (SPOT_A_23_P3237)	A_23_P3237	0.00	2.69	4.96	5.34
	1.00	TG	A_23_P32454	0.00	1.00	2.65	2.32
	1.00	CEMIP	A_23_P324754;A_24_P84396	0.00	-0.49	6.32	13.20
	1.00	ESPL1	A_23_P32707	0.00	0.66	1.32	1.10
	1.00	STARD4	A_23_P327519	0.00	3.19	6.88	6.53
	1.00	JAK3	A_23_P329112;A_24_P59667	0.00	3.05	4.99	6.19
	1.00	KCNJ2	A_23_P329261	0.00	4.92	6.69	9.04
	1.00	TMEM136	A_23_P329890	0.00	2.63	3.41	7.52
	1.00	0 (SPOT_A_23_P330209)	A_23_P330209	0.00	2.65	3.89	5.74
	1.00	XPNPEP1	A_23_P331253	0.00	1.79	1.99	4.70
	1.00	PPP1R18	A_23_P331479	0.00	1.20	3.59	3.92
	1.00	0 (SPOT_A_23_P332326)	A_23_P332326	0.00	0.91	1.40	1.91
	1.00	0 (SPOT_A_23_P334271)	A_23_P334271	0.00	0.57	3.03	3.91
	1.00	BMP2K	A_23_P334282;A_24_P86240	0.00	-0.42	2.18	1.84
	1.00	TMEM217	A_23_P334870	0.00	1.65	2.58	2.63
	1.00	0 (SPOT_A_23_P335813)	A_23_P335813	0.00	0.85	1.98	1.89
	1.00	0 (SPOT_A_23_P336083)	A_23_P336083	0.00	3.32	4.78	7.33
	1.00	0 (SPOT_A_23_P336670)	A_23_P336670	0.00	0.13	0.84	1.68
	1.00	0 (SPOT_A_23_P338113)	A_23_P338113	0.00	3.31	5.92	8.18
	1.00	CD274	A_23_P338479	0.00	7.14	9.30	11.73
	1.00	PTPN1	A_23_P338890	0.00	3.25	2.55	4.83
	1.00	0 (SPOT_A_23_P33947)	A_23_P33947	0.00	-0.12	2.43	5.39
	1.00	TAGAP	A_23_P339588;A_24_P354724	0.00	2.37	7.82	7.30
	1.00	ITPRIP	A_23_P340333	0.00	0.55	2.06	5.08
	1.00	0 (SPOT_A_23_P340728)	A_23_P340728	0.00	2.04	2.12	3.43
	1.00	PTGIR	A_23_P340848	0.00	2.08	4.74	6.12
	1.00	0 (SPOT_A_23_P341312)	A_23_P341312	0.00	0.45	1.07	2.93
	1.00	ZNF484	A_23_P341700	0.00	1.31	2.35	3.55
	1.00	CCR7	A_23_P343398	0.00	16.32	17.90	20.95
	1.00	EGLN1	A_23_P343935	0.00	1.19	1.54	2.13
	1.00	RSRP1	A_23_P34396	0.00	1.01	1.55	2.40
	1.00	CHFR	A_23_P344037;A_32_P834166	0.00	0.88	1.20	1.79
	1.00	FAM124A	A_23_P344568	0.00	1.52	6.64	5.72
	1.00	0 (SPOT_A_23_P345093)	A_23_P345093	0.00	-0.55	1.95	2.66
	1.00	0 (SPOT_A_23_P345575)	A_23_P345575	0.00	1.65	2.13	2.50
	1.00	0 (SPOT_A_23_P345581)	A_23_P345581	0.00	0.93	2.86	2.65
	1.00	0 (SPOT_A_23_P346337)	A_23_P346337	0.00	0.08	2.21	3.54
	1.00	CD247	A_23_P34676	0.00	0.78	0.97	1.65
	1.00	FOSL2	A_23_P348121	0.00	2.55	3.19	4.61
	1.00	ATF3	A_23_P34915;A_24_P33895	0.00	4.06	7.25	7.86
	1.00	PFN1P6;PFN1P8;PFN1P4;PFN1P2	A_23_P350059	0.00	-0.50	1.81	2.49
	1.00	0 (SPOT_A_23_P35035)	A_23_P35035	0.00	5.11	9.00	7.24
	1.00	ZDHHC23	A_23_P350689	0.00	0.51	4.03	6.33
	1.00	0 (SPOT_A_23_P350782)	A_23_P350782	0.00	0.05	0.86	1.92
	1.00	EPB41	A_23_P351	0.00	1.10	2.08	4.46
	1.00	0 (SPOT_A_23_P35114)	A_23_P35114	0.00	0.70	1.42	4.52
	1.00	SH2D1B	A_23_P351148	0.00	2.24	2.09	2.91
	1.00	0 (SPOT_A_23_P352535)	A_23_P352535	0.00	1.47	2.36	2.95
	1.00	NPW	A_23_P352799	0.00	1.92	2.73	2.83
	1.00	IGFBP7	A_23_P353035	0.00	2.98	5.39	11.07
	1.00	SMURF1	A_23_P353316	0.00	0.48	4.42	3.93
	1.00	0 (SPOT_A_23_P35376)	A_23_P35376	0.00	0.05	5.81	6.39
	1.00	ITK	A_23_P354151	0.00	3.82	4.93	10.43
	1.00	0 (SPOT_A_23_P354277)	A_23_P354277	0.00	0.53	1.28	1.08
	1.00	IRF9	A_23_P354547;A_23_P65442	0.00	2.59	2.50	3.74
	1.00	0 (SPOT_A_23_P355075)	A_23_P355075	0.00	2.30	4.48	6.95
	1.00	0 (SPOT_A_23_P35597)	A_23_P35597	0.00	1.00	4.51	6.91
	1.00	ZNF451	A_23_P356122	0.00	0.44	1.39	1.79
	1.00	0 (SPOT_A_23_P356125)	A_23_P356125	0.00	0.76	2.15	1.79
	1.00	DESI1	A_23_P356330	0.00	1.42	3.51	4.84
	1.00	ABTB2	A_23_P356616	0.00	12.24	15.75	16.44
	1.00	0 (SPOT_A_23_P35899)	A_23_P35899	0.00	0.42	0.80	2.16
	1.00	AKAP2;PALM2-AKAP2	A_23_P359043	0.00	1.46	7.18	7.90
	1.00	CASP4	A_23_P35912	0.00	5.33	6.49	7.36
	1.00	ELOVL7	A_23_P359277	0.00	7.11	13.03	15.37
	1.00	0 (SPOT_A_23_P360215)	A_23_P360215	0.00	-0.50	1.09	1.50
	1.00	0 (SPOT_A_23_P360329)	A_23_P360329	0.00	0.40	1.69	3.99
	1.00	FAM81B	A_23_P360354	0.00	-0.69	2.23	1.92
	1.00	ADAMTS4	A_23_P360754;A_24_P128163	0.00	2.43	5.18	6.68
	1.00	0 (SPOT_A_23_P361336)	A_23_P361336	0.00	-0.20	11.03	8.53
	1.00	IGKV1D-16	A_23_P361654	0.00	1.02	2.23	2.47
	1.00	OR52B2	A_23_P36203	0.00	1.85	5.98	6.17
	1.00	0 (SPOT_A_23_P363344)	A_23_P363344	0.00	0.02	1.52	3.12
	1.00	0 (SPOT_A_23_P363878)	A_23_P363878	0.00	2.57	2.90	6.44
	1.00	C1RL	A_23_P363968	0.00	3.55	6.25	8.96
	1.00	0 (SPOT_A_23_P364056)	A_23_P364056	0.00	0.62	1.68	2.32
	1.00	GPBP1	A_23_P364465	0.00	4.74	6.92	6.34
	1.00	0 (SPOT_A_23_P36521)	A_23_P36521	0.00	1.97	1.76	3.36
	1.00	0 (SPOT_A_23_P365610)	A_23_P365610	0.00	0.78	1.57	1.58
	1.00	0 (SPOT_A_23_P366253)	A_23_P366253	0.00	1.72	2.12	2.88
	1.00	VPS37A	A_23_P366328	0.00	2.18	1.70	2.98
	1.00	0 (SPOT_A_23_P366426)	A_23_P366426	0.00	1.28	4.64	4.55
	1.00	0 (SPOT_A_23_P367610)	A_23_P367610	0.00	2.23	5.14	4.89
	1.00	TAP2	A_23_P368067	0.00	5.66	5.77	7.35
	1.00	LINC00346	A_23_P368909	0.00	6.68	5.04	8.63
	1.00	ABHD17C	A_23_P369701	0.00	7.53	7.15	14.56
	1.00	BATF2	A_23_P370682	0.00	7.25	7.85	12.63
	1.00	0 (SPOT_A_23_P370707)	A_23_P370707	0.00	4.87	5.79	8.90
	1.00	0 (SPOT_A_23_P371495)	A_23_P371495	0.00	1.71	5.82	10.52
	1.00	0 (SPOT_A_23_P37237)	A_23_P37237	0.00	0.04	1.01	2.28
	1.00	SERPINA9	A_23_P372478	0.00	1.00	3.82	7.07
	1.00	0 (SPOT_A_23_P373017)	A_23_P373017	0.00	1.19	2.87	6.53
	1.00	0 (SPOT_A_23_P37311)	A_23_P37311	0.00	5.22	8.32	7.51
	1.00	0 (SPOT_A_23_P373126)	A_23_P373126	0.00	5.67	4.77	9.64
	1.00	SNW1	A_23_P37347	0.00	0.67	0.95	1.62
	1.00	CWC22	A_23_P373799	0.00	1.17	1.44	2.15
	1.00	ADAM19	A_23_P374082;A_23_P81369	0.00	8.18	11.30	15.06
	1.00	CYP19A1	A_23_P37410;A_24_P920646	0.00	-1.01	2.95	2.75
	1.00	SECISBP2L	A_23_P37415;A_24_P82135	0.00	4.09	4.42	5.19
	1.00	IKZF3	A_23_P376060	0.00	4.43	3.80	6.18
	1.00	GPM6B	A_23_P378416	0.00	1.22	5.51	4.97
	1.00	0 (SPOT_A_23_P378555)	A_23_P378555	0.00	6.28	6.60	12.78
	1.00	GTPBP2	A_23_P379026;A_24_P298013	0.00	2.43	3.12	3.31
	1.00	0 (SPOT_A_23_P380092)	A_23_P380092	0.00	2.33	2.93	4.77
	1.00	0 (SPOT_A_23_P38106)	A_23_P38106	0.00	0.63	1.48	4.37
	1.00	ADCY4	A_23_P381261	0.00	5.81	5.96	7.53
	1.00	CCDC27	A_23_P381478	0.00	-0.07	0.56	1.13
	1.00	VWDE	A_23_P381505;A_32_P148745	0.00	2.75	2.63	4.30
	1.00	0 (SPOT_A_23_P382188)	A_23_P382188	0.00	3.45	4.89	4.01
	1.00	TAS2R20	A_23_P382794	0.00	0.07	0.87	1.09
	1.00	0 (SPOT_A_23_P383764)	A_23_P383764	0.00	2.87	5.24	7.47
	1.00	0 (SPOT_A_23_P38388)	A_23_P38388	0.00	3.05	3.35	7.66
	1.00	0 (SPOT_A_23_P384024)	A_23_P384024	0.00	8.40	12.04	11.79
	1.00	0 (SPOT_A_23_P384085)	A_23_P384085	0.00	1.16	2.42	5.21
	1.00	0 (SPOT_A_23_P384355)	A_23_P384355	0.00	10.86	10.02	14.99
	1.00	0 (SPOT_A_23_P385115)	A_23_P385115	0.00	1.68	5.75	4.62
	1.00	STAMBPL1	A_23_P385322	0.00	8.81	8.19	11.05
	1.00	HDX	A_23_P386364	0.00	2.21	8.08	8.75
	1.00	SMCHD1	A_23_P38723;A_24_P400997;A_24_P82630	0.00	2.04	2.82	2.78
	1.00	STARD8	A_23_P387630	0.00	2.36	4.98	4.34
	1.00	C4ORF3	A_23_P388433	0.00	-0.19	1.83	2.31
	1.00	SMCO2	A_23_P389250	0.00	4.10	6.94	8.44
	1.00	NGFR	A_23_P389897	0.00	2.90	5.09	7.52
	1.00	SPIB	A_23_P39067	0.00	2.26	3.39	7.53
	1.00	0 (SPOT_A_23_P391725)	A_23_P391725	0.00	0.20	2.28	2.85
	1.00	0 (SPOT_A_23_P39277)	A_23_P39277	0.00	1.21	1.10	1.72
	1.00	0 (SPOT_A_23_P393099)	A_23_P393099	0.00	0.32	1.68	3.08
	1.00	ZNF556	A_23_P39454	0.00	0.34	2.37	4.40
	1.00	BST2	A_23_P39465	0.00	3.41	4.74	4.08
	1.00	DDI2;RSC1A1	A_23_P395534	0.00	-0.09	1.64	1.93
	1.00	FNBP4	A_23_P395595	0.00	1.46	2.04	2.75
	1.00	UBE2F	A_23_P39561	0.00	1.16	1.37	1.78
	1.00	R3HDML	A_23_P395632	0.00	-0.67	2.88	2.75
	1.00	CD207	A_23_P39790	0.00	-0.34	1.65	1.94
	1.00	FAM135A	A_23_P398172;A_23_P58862	0.00	2.29	5.70	4.89
	1.00	VAMP5	A_23_P39840	0.00	8.94	9.96	11.55
	1.00	0 (SPOT_A_23_P400255)	A_23_P400255	0.00	2.19	2.29	3.97
	1.00	KIF17	A_23_P400515	0.00	4.66	4.13	6.24
	1.00	0 (SPOT_A_23_P400580)	A_23_P400580	0.00	1.60	1.56	2.05
	1.00	SUSD3	A_23_P401076	0.00	1.08	1.44	3.26
	1.00	DIP2B	A_23_P401380	0.00	0.09	1.26	1.86
	1.00	0 (SPOT_A_23_P401580)	A_23_P401580	0.00	0.60	1.32	2.25
	1.00	0 (SPOT_A_23_P40184)	A_23_P40184	0.00	-0.07	0.87	1.50
	1.00	DOK5	A_23_P40217	0.00	1.11	1.22	3.77
	1.00	0 (SPOT_A_23_P402899)	A_23_P402899	0.00	3.04	7.65	5.95
	1.00	0 (SPOT_A_23_P403398)	A_23_P403398	0.00	2.07	2.24	2.82
	1.00	C7ORF33	A_23_P405161	0.00	0.23	0.40	1.24
	1.00	C9ORF72	A_23_P405873	0.00	-0.76	3.28	5.06
	1.00	RAB9B	A_23_P406448;A_24_P126139	0.00	4.84	10.60	10.62
	1.00	CCDC71L	A_23_P406616	0.00	2.72	6.81	7.27
	1.00	0 (SPOT_A_23_P406644)	A_23_P406644	0.00	0.24	1.08	1.86
	1.00	0 (SPOT_A_23_P40761)	A_23_P40761	0.00	13.11	16.77	17.33
	1.00	CRAMP1	A_23_P407992	0.00	1.15	3.32	2.64
	1.00	0 (SPOT_A_23_P408328)	A_23_P408328	0.00	0.94	2.43	2.51
	1.00	HLA-A	A_23_P408353	0.00	2.51	4.68	8.52
	1.00	TBCEL	A_23_P410017	0.00	1.35	3.16	3.93
	1.00	ENTHD1	A_23_P410115	0.00	2.84	4.73	8.05
	1.00	0 (SPOT_A_23_P41128)	A_23_P41128	0.00	1.28	2.56	2.60
	1.00	PRRC2C	A_23_P412409	0.00	0.30	2.07	2.72
	1.00	0 (SPOT_A_23_P412526)	A_23_P412526	0.00	1.30	3.08	2.91
	1.00	0 (SPOT_A_23_P413576)	A_23_P413576	0.00	3.27	2.92	5.67
	1.00	FUT11	A_23_P413788	0.00	1.59	2.98	3.26
	1.00	SLC35F1	A_23_P413888	0.00	-0.07	1.70	1.35
	1.00	SLC39A8	A_23_P41424	0.00	4.70	8.82	10.68
	1.00	0 (SPOT_A_23_P414855)	A_23_P414855	0.00	1.19	1.41	2.70
	1.00	IRF1	A_23_P41765	0.00	9.71	11.19	12.17
	1.00	TNFAIP2	A_23_P421423	0.00	4.74	7.64	7.63
	1.00	0 (SPOT_A_23_P4223)	A_23_P4223	0.00	2.46	2.86	4.58
	1.00	FAM169A	A_23_P423074;A_32_P84242	0.00	0.68	3.67	3.39
	1.00	0 (SPOT_A_23_P423348)	A_23_P423348	0.00	11.86	9.70	15.33
	1.00	SLC25A48	A_23_P424051	0.00	0.03	2.41	3.86
	1.00	CRYBB2;CRYBB2P1;MIR6817	A_23_P425066	0.00	1.53	1.19	2.04
	1.00	RBMS2P1;RBMS2	A_23_P425073	0.00	4.13	5.51	5.34
	1.00	0 (SPOT_A_23_P425681)	A_23_P425681	0.00	0.57	2.39	4.15
	1.00	0 (SPOT_A_23_P42724)	A_23_P42724	0.00	0.60	1.60	2.12
	1.00	0 (SPOT_A_23_P427334)	A_23_P427334	0.00	2.49	2.70	4.04
	1.00	PIWIL4	A_23_P427760	0.00	1.45	4.47	6.40
	1.00	HIST1H2AD	A_23_P428184	0.00	3.21	3.29	6.69
	1.00	0 (SPOT_A_23_P4283)	A_23_P4283	0.00	4.35	5.59	10.23
	1.00	0 (SPOT_A_23_P42848)	A_23_P42848	0.00	-0.22	0.64	0.95
	1.00	0 (SPOT_A_23_P4286)	A_23_P4286	0.00	5.74	7.29	11.96
	1.00	0 (SPOT_A_23_P429046)	A_23_P429046	0.00	0.99	1.73	3.64
	1.00	TMEM139	A_23_P42909	0.00	5.25	10.83	14.10
	1.00	NKD1	A_23_P429449	0.00	0.63	4.39	3.98
	1.00	PRKAR2B	A_23_P42975	0.00	5.29	9.33	8.80
	1.00	ELP3	A_23_P43034	0.00	0.91	1.38	1.91
	1.00	HEATR9	A_23_P430792	0.00	10.28	14.11	12.88
	1.00	RBMS1	A_23_P431410	0.00	-0.45	2.09	2.65
	1.00	0 (SPOT_A_23_P431521)	A_23_P431521	0.00	3.80	2.86	4.94
	1.00	GREM1	A_23_P432947	0.00	1.28	7.18	9.52
	1.00	0 (SPOT_A_23_P4335)	A_23_P4335	0.00	0.93	0.70	1.24
	1.00	MLANA	A_23_P43350	0.00	-0.49	3.73	4.63
	1.00	0 (SPOT_A_23_P434118)	A_23_P434118	0.00	3.87	2.87	5.40
	1.00	CDKN2A	A_23_P43490	0.00	3.19	4.35	5.15
	1.00	TMEM106A	A_23_P435521;A_32_P101860	0.00	3.49	2.80	5.15
	1.00	DENND1A	A_23_P43557;A_24_P272761	0.00	0.71	2.18	2.38
	1.00	ST8SIA4	A_23_P435601	0.00	-1.56	4.52	4.65
	1.00	0 (SPOT_A_23_P44053)	A_23_P44053	0.00	-0.03	1.39	1.64
	1.00	ABCC2	A_23_P44569	0.00	1.47	4.73	4.24
	1.00	0 (SPOT_A_23_P4462)	A_23_P4462	0.00	0.78	2.36	4.68
	1.00	TBK1	A_23_P44768	0.00	2.11	3.70	5.93
	1.00	DSC2	A_23_P4494	0.00	4.30	4.93	6.36
	1.00	0 (SPOT_A_23_P45456)	A_23_P45456	0.00	2.28	3.80	5.16
	1.00	0 (SPOT_A_23_P4561)	A_23_P4561	0.00	2.71	4.30	5.04
	1.00	FUBP1	A_23_P45699	0.00	2.16	2.55	3.78
	1.00	PFKP	A_23_P46928	0.00	3.02	3.19	5.80
	1.00	HIF1AN	A_23_P46964	0.00	1.11	1.96	2.75
	1.00	0 (SPOT_A_23_P47155)	A_23_P47155	0.00	7.32	6.92	9.22
	1.00	TCP11L1	A_23_P47247	0.00	0.64	2.63	5.82
	1.00	CASP5	A_23_P47304	0.00	3.86	6.61	6.56
	1.00	LDHA	A_23_P47565	0.00	1.30	2.74	5.20
	1.00	0 (SPOT_A_23_P47867)	A_23_P47867	0.00	4.35	6.36	5.34
	1.00	CCNA1	A_23_P48414	0.00	6.36	6.11	11.53
	1.00	ARHGAP5	A_23_P48535	0.00	0.46	4.51	8.65
	1.00	SH3GL3	A_23_P48988	0.00	1.81	3.62	6.47
	1.00	0 (SPOT_A_23_P49610)	A_23_P49610	0.00	3.15	5.82	7.21
	1.00	ARHGEF15	A_23_P49674	0.00	0.20	1.07	1.02
	1.00	BCL7B	A_23_P500364	0.00	0.77	1.07	2.64
	1.00	RAD51D	A_23_P500873;A_24_P356509	0.00	-0.17	2.33	1.91
	1.00	B3GNT2	A_23_P500956	0.00	2.67	4.78	3.83
	1.00	0 (SPOT_A_23_P501276)	A_23_P501276	0.00	2.47	3.50	5.79
	1.00	BTN2A1	A_23_P501634	0.00	3.50	2.72	4.95
	1.00	AQP6	A_23_P502060	0.00	-1.41	4.15	4.22
	1.00	CYB5R3	A_23_P502224;A_24_P100277	0.00	1.42	1.81	4.18
	1.00	CSNK2A1	A_23_P502575	0.00	0.81	1.63	1.31
	1.00	KL	A_23_P503064	0.00	5.46	6.96	11.23
	1.00	0 (SPOT_A_23_P50338)	A_23_P50338	0.00	1.33	2.23	2.85
	1.00	PINLYP	A_23_P50646	0.00	1.39	1.78	4.73
	1.00	0 (SPOT_A_23_P50887)	A_23_P50887	0.00	1.91	3.15	2.86
	1.00	GBP3	A_23_P51487	0.00	8.56	11.03	13.48
	1.00	0 (SPOT_A_23_P52161)	A_23_P52161	0.00	3.30	5.21	5.84
	1.00	0 (SPOT_A_23_P52647)	A_23_P52647	0.00	7.92	10.25	9.86
	1.00	EED;MIR6755	A_23_P53217	0.00	1.14	2.61	2.58
	1.00	0 (SPOT_A_23_P53397)	A_23_P53397	0.00	2.03	3.04	4.78
	1.00	0 (SPOT_A_23_P53546)	A_23_P53546	0.00	0.76	1.80	3.07
	1.00	0 (SPOT_A_23_P53641)	A_23_P53641	0.00	1.59	2.44	4.68
	1.00	PAWR	A_23_P53663	0.00	5.05	5.92	11.66
	1.00	N4BP2L2	A_23_P53856;A_23_P65262	0.00	1.44	1.49	2.90
	1.00	ZNF410	A_23_P54179	0.00	0.87	0.93	2.65
	1.00	RABGGTA	A_23_P54223	0.00	0.72	1.13	2.54
	1.00	DUOX1	A_23_P54291	0.00	-0.31	3.55	4.24
	1.00	0 (SPOT_A_23_P5464)	A_23_P5464	0.00	2.12	2.42	4.42
	1.00	0 (SPOT_A_23_P5479)	A_23_P5479	0.00	-0.06	1.08	1.25
	1.00	SAP30BP	A_23_P54953;A_24_P304987	0.00	1.15	1.27	1.68
	1.00	ULK2	A_23_P55107;A_24_P932594	0.00	2.60	4.12	8.36
	1.00	SMAD7	A_23_P55518	0.00	0.31	1.62	1.48
	1.00	0 (SPOT_A_23_P55578)	A_23_P55578	0.00	-0.20	1.46	1.06
	1.00	0 (SPOT_A_23_P55584)	A_23_P55584	0.00	1.50	3.13	3.00
	1.00	SERPINB3	A_23_P55632	0.00	11.21	15.45	16.54
	1.00	FPR2	A_23_P55649	0.00	5.49	4.96	10.94
	1.00	RELB	A_23_P55706	0.00	1.76	5.02	6.28
	1.00	0 (SPOT_A_23_P56855)	A_23_P56855	0.00	0.07	3.06	4.90
	1.00	0 (SPOT_A_23_P56898)	A_23_P56898	0.00	3.58	4.01	5.89
	1.00	0 (SPOT_A_23_P57304)	A_23_P57304	0.00	1.61	3.82	5.19
	1.00	TFF2	A_23_P57364	0.00	1.22	1.26	2.00
	1.00	C3ORF52	A_23_P58009	0.00	12.55	15.75	15.43
	1.00	MAP3K13	A_23_P58031;A_24_P85537	0.00	4.78	7.84	10.31
	1.00	CCDC80	A_23_P58082	0.00	0.08	4.43	7.46
	1.00	FIP1L1	A_23_P58337	0.00	1.01	2.19	2.88
	1.00	0 (SPOT_A_23_P5875)	A_23_P5875	0.00	0.50	1.26	2.80
	1.00	SLCO4A1	A_23_P5903	0.00	1.71	2.87	3.52
	1.00	HIST1H2AE	A_23_P59045	0.00	2.02	2.92	5.92
	1.00	0 (SPOT_A_23_P59163)	A_23_P59163	0.00	3.99	3.81	6.08
	1.00	0 (SPOT_A_23_P59210)	A_23_P59210	0.00	0.85	2.47	4.09
	1.00	NRF1	A_23_P59418	0.00	1.40	1.55	2.58
	1.00	0 (SPOT_A_23_P59441)	A_23_P59441	0.00	1.05	1.23	2.46
	1.00	0 (SPOT_A_23_P59444)	A_23_P59444	0.00	0.80	0.98	3.05
	1.00	NT5C3A	A_23_P59547	0.00	8.37	11.48	10.77
	1.00	0 (SPOT_A_23_P59657)	A_23_P59657	0.00	4.17	5.33	7.34
	1.00	SRI	A_23_P59718	0.00	-0.26	3.06	4.38
	1.00	RLN1	A_23_P60210	0.00	2.14	4.28	3.50
	1.00	TXN	A_23_P60248	0.00	8.31	9.60	11.51
	1.00	0 (SPOT_A_23_P60479)	A_23_P60479	0.00	6.74	6.67	9.02
	1.00	IGHA2	A_23_P61042	0.00	0.60	0.77	2.58
	1.00	TMEM173	A_23_P61371	0.00	3.06	5.00	8.54
	1.00	PIM3;MIR6821	A_23_P61398	0.00	5.18	8.42	8.07
	1.00	MXD3;RAB24	A_23_P61823	0.00	1.42	1.38	3.00
	1.00	0 (SPOT_A_23_P62652)	A_23_P62652	0.00	9.34	10.91	16.36
	1.00	0 (SPOT_A_23_P62768)	A_23_P62768	0.00	1.08	6.86	8.71
	1.00	0 (SPOT_A_23_P63319)	A_23_P63319	0.00	0.64	1.70	3.67
	1.00	FCGR1B;FCGR1CP;FCGR1A	A_23_P63390	0.00	3.71	3.13	5.07
	1.00	0 (SPOT_A_23_P63547)	A_23_P63547	0.00	3.94	7.36	9.22
	1.00	0 (SPOT_A_23_P63668)	A_23_P63668	0.00	5.51	9.43	9.41
	1.00	KLF6	A_23_P63798;A_24_P128308	0.00	4.45	6.19	7.23
	1.00	MN1	A_23_P6381	0.00	6.56	6.01	9.68
	1.00	0 (SPOT_A_23_P63999)	A_23_P63999	0.00	0.18	2.13	2.34
	1.00	SF3B2	A_23_P64083	0.00	0.79	1.00	2.48
	1.00	0 (SPOT_A_23_P64217)	A_23_P64217	0.00	0.19	4.19	4.53
	1.00	0 (SPOT_A_23_P64247)	A_23_P64247	0.00	0.73	2.10	2.59
	1.00	0 (SPOT_A_23_P64529)	A_23_P64529	0.00	-0.42	1.09	1.53
	1.00	TSFM	A_23_P64650	0.00	1.85	2.26	5.05
	1.00	0 (SPOT_A_23_P64743)	A_23_P64743	0.00	1.98	2.75	4.07
	1.00	0 (SPOT_A_23_P64938)	A_23_P64938	0.00	1.07	1.10	1.75
	1.00	0 (SPOT_A_23_P64962)	A_23_P64962	0.00	7.07	6.01	10.80
	1.00	EID3	A_23_P65068	0.00	2.29	4.10	6.03
	1.00	COX17	A_23_P65157	0.00	1.64	2.46	2.34
	1.00	PHF11	A_23_P65174	0.00	6.47	7.50	8.63
	1.00	KLHDC7B	A_23_P6535;A_24_P117410	0.00	3.81	6.95	7.84
	1.00	TGM1	A_23_P65618	0.00	4.69	7.49	7.82
	1.00	TMOD3	A_23_P65674	0.00	3.09	4.49	3.62
	1.00	TTYH2	A_23_P66432	0.00	2.89	4.30	3.80
	1.00	DHRS13	A_23_P66719	0.00	3.99	3.86	10.96
	1.00	GAREM1	A_23_P66948	0.00	0.48	11.40	9.38
	1.00	0 (SPOT_A_23_P67391)	A_23_P67391	0.00	1.74	1.66	4.75
	1.00	ATP1B3	A_23_P68007	0.00	1.24	1.16	1.98
	1.00	0 (SPOT_A_23_P68155)	A_23_P68155	0.00	5.23	8.04	9.96
	1.00	0 (SPOT_A_23_P6822)	A_23_P6822	0.00	-0.25	4.60	4.14
	1.00	0 (SPOT_A_23_P69141)	A_23_P69141	0.00	1.14	2.87	4.29
	1.00	CD47	A_23_P6935	0.00	1.64	3.44	6.28
	1.00	PARP9	A_23_P69383	0.00	5.97	5.87	8.92
	1.00	0 (SPOT_A_23_P69452)	A_23_P69452	0.00	-0.41	1.60	1.40
	1.00	GUCY1A3	A_23_P69573	0.00	12.71	15.14	20.22
	1.00	0 (SPOT_A_23_P69695)	A_23_P69695	0.00	0.48	1.70	3.03
	1.00	PLPP1	A_23_P70060	0.00	5.27	5.35	7.33
	1.00	VEGFA	A_23_P70398;A_24_P12401	0.00	6.40	5.77	8.71
	1.00	0 (SPOT_A_23_P70539)	A_23_P70539	0.00	2.13	3.11	7.44
	1.00	CD83	A_23_P70670	0.00	3.92	4.82	10.06
	1.00	IL6	A_23_P71037	0.00	11.14	17.66	15.59
	1.00	0 (SPOT_A_23_P71111)	A_23_P71111	0.00	1.08	1.21	1.74
	1.00	0 (SPOT_A_23_P71709)	A_23_P71709	0.00	0.42	2.26	4.43
	1.00	BSPRY	A_23_P71946	0.00	13.49	14.08	19.44
	1.00	0 (SPOT_A_23_P7201)	A_23_P7201	0.00	1.01	2.04	2.14
	1.00	IL1A	A_23_P72096	0.00	2.43	3.36	5.78
	1.00	0 (SPOT_A_23_P72180)	A_23_P72180	0.00	0.35	1.71	3.43
	1.00	0 (SPOT_A_23_P72187)	A_23_P72187	0.00	1.07	1.59	2.60
	1.00	0 (SPOT_A_23_P72330)	A_23_P72330	0.00	-0.12	1.35	2.25
	1.00	IFITM2;IFITM1	A_23_P72737	0.00	6.54	7.95	13.12
	1.00	CCDC120	A_23_P73540	0.00	-0.42	0.87	1.24
	1.00	ARMCX2	A_23_P73747	0.00	2.30	2.92	3.24
	1.00	0 (SPOT_A_23_P74241)	A_23_P74241	0.00	2.72	6.54	6.03
	1.00	0 (SPOT_A_23_P74575)	A_23_P74575	0.00	0.80	4.49	6.07
	1.00	TAF1A	A_23_P74663	0.00	3.62	3.85	6.06
	1.00	SLC25A28	A_23_P75220	0.00	7.05	8.49	9.40
	1.00	TSG101	A_23_P75839	0.00	-0.02	1.48	1.72
	1.00	0 (SPOT_A_23_P75848)	A_23_P75848	0.00	6.15	5.40	8.35
	1.00	0 (SPOT_A_23_P75850)	A_23_P75850	0.00	5.02	5.85	8.43
	1.00	TRAF6	A_23_P75921	0.00	3.41	4.22	4.74
	1.00	0 (SPOT_A_23_P7596)	A_23_P7596	0.00	3.32	6.90	6.73
	1.00	PSMB4	A_23_P761	0.00	1.09	1.20	1.52
	1.00	RILPL2	A_23_P76109	0.00	-0.98	4.42	3.17
	1.00	0 (SPOT_A_23_P76145)	A_23_P76145	0.00	-0.42	6.52	5.35
	1.00	SLC6A12	A_23_P76386	0.00	8.76	9.98	12.56
	1.00	SPPL2A	A_23_P77073	0.00	2.97	3.00	4.84
	1.00	SSTR5	A_23_P77545	0.00	9.01	12.32	11.87
	1.00	PGS1	A_23_P77833	0.00	1.65	1.61	3.70
	1.00	HS3ST3B1	A_23_P77918;A_24_P23625	0.00	8.64	10.15	11.78
	1.00	0 (SPOT_A_23_P78191)	A_23_P78191	0.00	0.21	1.57	2.20
	1.00	C18ORF8	A_23_P78383	0.00	2.37	2.49	3.13
	1.00	0 (SPOT_A_23_P78405)	A_23_P78405	0.00	1.69	3.71	7.88
	1.00	0 (SPOT_A_23_P78518)	A_23_P78518	0.00	3.21	5.15	7.13
	1.00	0 (SPOT_A_23_P78554)	A_23_P78554	0.00	0.79	1.33	2.43
	1.00	FBXL12	A_23_P78557	0.00	1.36	1.46	2.66
	1.00	PSMF1	A_23_P79911;A_24_P122050	0.00	-0.00	0.73	1.67
	1.00	0 (SPOT_A_23_P8004)	A_23_P8004	0.00	1.76	2.02	3.89
	1.00	BTG3	A_23_P80068	0.00	2.94	6.50	8.15
	1.00	0 (SPOT_A_23_P80409)	A_23_P80409	0.00	2.66	2.80	4.14
	1.00	TMEM41A	A_23_P80832	0.00	0.56	3.07	5.47
	1.00	EXOSC9	A_23_P81121	0.00	1.48	1.85	2.01
	1.00	0 (SPOT_A_23_P81219)	A_23_P81219	0.00	9.61	13.79	18.54
	1.00	0 (SPOT_A_23_P81248)	A_23_P81248	0.00	-0.13	1.05	1.56
	1.00	0 (SPOT_A_23_P81484)	A_23_P81484	0.00	1.87	2.28	2.82
	1.00	C5ORF15	A_23_P81650	0.00	4.70	5.35	6.27
	1.00	0 (SPOT_A_23_P81805)	A_23_P81805	0.00	3.25	4.46	8.39
	1.00	GABBR1;UBD	A_23_P81898	0.00	10.57	10.20	14.48
	1.00	ZBTB2	A_23_P82108	0.00	0.52	4.25	4.49
	1.00	0 (SPOT_A_23_P82509)	A_23_P82509	0.00	-0.35	1.07	1.06
	1.00	UBE2Z	A_23_P83438	0.00	3.24	4.50	4.57
	1.00	CYTH1	A_23_P83781	0.00	2.93	2.73	3.71
	1.00	KDM2A	A_23_P83917	0.00	1.35	2.38	2.74
	1.00	NET1	A_23_P83931	0.00	2.29	2.97	6.69
	1.00	CEP112	A_23_P83976	0.00	-0.70	4.02	4.83
	1.00	0 (SPOT_A_23_P84018)	A_23_P84018	0.00	0.07	3.47	4.35
	1.00	0 (SPOT_A_23_P84070)	A_23_P84070	0.00	0.53	0.87	2.14
	1.00	SLC38A5	A_23_P84929	0.00	7.70	9.26	11.53
	1.00	0 (SPOT_A_23_P85008)	A_23_P85008	0.00	1.80	6.94	6.38
	1.00	0 (SPOT_A_23_P85024)	A_23_P85024	0.00	0.69	1.95	2.15
	1.00	0 (SPOT_A_23_P8513)	A_23_P8513	0.00	3.17	7.18	9.51
	1.00	0 (SPOT_A_23_P85414)	A_23_P85414	0.00	6.37	5.60	8.04
	1.00	0 (SPOT_A_23_P85742)	A_23_P85742	0.00	1.69	2.30	7.18
	1.00	0 (SPOT_A_23_P86012)	A_23_P86012	0.00	1.99	1.99	2.81
	1.00	0 (SPOT_A_23_P86037)	A_23_P86037	0.00	-0.05	1.37	1.54
	1.00	RPA2	A_23_P86133	0.00	0.16	1.47	2.51
	1.00	0 (SPOT_A_23_P86171)	A_23_P86171	0.00	1.12	1.58	1.80
	1.00	PSMA5	A_23_P86216	0.00	3.10	2.93	4.16
	1.00	0 (SPOT_A_23_P86434)	A_23_P86434	0.00	2.43	4.60	5.32
	1.00	SRGN	A_23_P86653	0.00	1.71	2.85	5.87
	1.00	ROBO3	A_23_P87082	0.00	1.08	1.31	3.66
	1.00	0 (SPOT_A_23_P873)	A_23_P873	0.00	-1.13	3.14	3.00
	1.00	ORMDL2	A_23_P87500	0.00	-0.70	1.81	2.07
	1.00	AASS	A_23_P8754	0.00	7.48	6.66	9.53
	1.00	IFITM3	A_23_P87545	0.00	6.37	6.21	13.87
	1.00	BTG1	A_23_P87560	0.00	6.82	6.90	11.24
	1.00	0 (SPOT_A_23_P87952)	A_23_P87952	0.00	-0.49	12.88	15.38
	1.00	LHFPL6	A_23_P88069	0.00	4.82	6.38	8.47
	1.00	0 (SPOT_A_23_P88347)	A_23_P88347	0.00	6.06	10.60	22.47
	1.00	0 (SPOT_A_23_P88802)	A_23_P88802	0.00	0.28	1.39	3.06
	1.00	LRP12	A_23_P8906	0.00	1.25	5.12	6.47
	1.00	WNT9B	A_23_P89587	0.00	-0.43	1.52	1.53
	1.00	CBX4	A_23_P89621	0.00	0.17	4.02	5.66
	1.00	0 (SPOT_A_23_P89691)	A_23_P89691	0.00	1.12	1.84	1.75
	1.00	LAMA3	A_23_P89780	0.00	0.68	3.70	9.04
	1.00	CHRNA1	A_23_P90888	0.00	1.52	2.29	8.06
	1.00	0 (SPOT_A_23_P91062)	A_23_P91062	0.00	2.60	2.84	4.62
	1.00	0 (SPOT_A_23_P91151)	A_23_P91151	0.00	1.69	1.78	4.00
	1.00	0 (SPOT_A_23_P91168)	A_23_P91168	0.00	0.39	1.16	2.17
	1.00	0 (SPOT_A_23_P91230)	A_23_P91230	0.00	6.44	7.12	11.35
	1.00	0 (SPOT_A_23_P91742)	A_23_P91742	0.00	1.14	4.03	3.77
	1.00	TNFRSF13C	A_23_P91764	0.00	2.64	4.36	3.53
	1.00	0 (SPOT_A_23_P91802)	A_23_P91802	0.00	4.82	4.38	6.73
	1.00	0 (SPOT_A_23_P91859)	A_23_P91859	0.00	6.43	5.76	8.24
	1.00	0 (SPOT_A_23_P9209)	A_23_P9209	0.00	1.77	2.95	3.30
	1.00	CASP3	A_23_P92410	0.00	2.58	4.37	3.56
	1.00	ANKHD1;ANKHD1-EIF4EBP3	A_23_P92642	0.00	1.49	2.23	1.94
	1.00	CCNO	A_23_P92860	0.00	-0.36	3.22	6.74
	1.00	0 (SPOT_A_23_P93236)	A_23_P93236	0.00	3.98	4.85	5.70
	1.00	GABBR1	A_23_P93302	0.00	3.18	4.65	5.16
	1.00	0 (SPOT_A_23_P93613)	A_23_P93613	0.00	1.47	2.39	3.95
	1.00	0 (SPOT_A_23_P93677)	A_23_P93677	0.00	1.67	3.17	3.65
	1.00	GTF2E2	A_23_P94118	0.00	2.87	2.25	4.18
	1.00	0 (SPOT_A_23_P9435)	A_23_P9435	0.00	0.59	2.72	5.49
	1.00	0 (SPOT_A_23_P94563)	A_23_P94563	0.00	1.48	2.94	6.39
	1.00	TOR1B	A_23_P94703	0.00	2.73	4.71	7.96
	1.00	TNFSF15	A_23_P94754	0.00	2.93	12.97	9.98
	1.00	ORM2	A_23_P9485	0.00	0.56	2.64	4.24
	1.00	0 (SPOT_A_23_P94967)	A_23_P94967	0.00	1.87	2.35	5.83
	1.00	NAT1	A_23_P95594	0.00	0.69	1.03	1.49
	1.00	0 (SPOT_A_23_P95672)	A_23_P95672	0.00	0.26	2.38	3.64
	1.00	TUBAL3	A_23_P95851	0.00	0.38	3.04	2.57
	1.00	0 (SPOT_A_23_P95917)	A_23_P95917	0.00	1.52	2.95	5.44
	1.00	0 (SPOT_A_23_P96017)	A_23_P96017	0.00	3.20	3.40	4.58
	1.00	0 (SPOT_A_23_P96191)	A_23_P96191	0.00	-0.06	2.17	2.21
	1.00	0 (SPOT_A_23_P9621)	A_23_P9621	0.00	4.36	4.48	5.45
	1.00	0 (SPOT_A_23_P96249)	A_23_P96249	0.00	2.97	2.56	4.44
	1.00	0 (SPOT_A_23_P96812)	A_23_P96812	0.00	-0.35	2.82	2.75
	1.00	0 (SPOT_A_23_P97532)	A_23_P97532	0.00	0.29	1.00	1.53
	1.00	C4BPA	A_23_P97541	0.00	-0.20	1.59	1.29
	1.00	0 (SPOT_A_23_P97871)	A_23_P97871	0.00	5.52	4.40	7.57
	1.00	OR52K2	A_23_P98744	0.00	0.81	3.07	4.51
	1.00	0 (SPOT_A_23_P99883)	A_23_P99883	0.00	2.35	3.40	3.83
	1.00	TLNRD1	A_23_P99891	0.00	1.13	3.38	7.06
	1.00	0 (SPOT_A_24_P101201)	A_24_P101201	0.00	2.26	3.05	3.13
	1.00	0 (SPOT_A_24_P101771)	A_24_P101771	0.00	1.92	3.44	9.14
	1.00	0 (SPOT_A_24_P106145)	A_24_P106145	0.00	0.45	1.93	2.61
	1.00	NUDCD1	A_24_P106794	0.00	2.39	5.77	6.45
	1.00	0 (SPOT_A_24_P107303)	A_24_P107303	0.00	5.33	5.64	6.56
	1.00	0 (SPOT_A_24_P107528)	A_24_P107528	0.00	1.22	1.73	2.12
	1.00	0 (SPOT_A_24_P110012)	A_24_P110012	0.00	2.31	2.74	4.72
	1.00	0 (SPOT_A_24_P110213)	A_24_P110213	0.00	1.29	1.88	3.00
	1.00	0 (SPOT_A_24_P110668)	A_24_P110668	0.00	3.69	5.08	5.26
	1.00	0 (SPOT_A_24_P110770)	A_24_P110770	0.00	5.33	3.89	6.89
	1.00	0 (SPOT_A_24_P110967)	A_24_P110967	0.00	2.90	3.68	4.16
	1.00	0 (SPOT_A_24_P113086)	A_24_P113086	0.00	2.60	2.85	4.93
	1.00	0 (SPOT_A_24_P113109)	A_24_P113109	0.00	1.86	1.94	2.58
	1.00	0 (SPOT_A_24_P113674)	A_24_P113674	0.00	1.45	3.97	5.18
	1.00	0 (SPOT_A_24_P114463)	A_24_P114463	0.00	1.46	2.87	5.02
	1.00	KYNU	A_24_P11506	0.00	2.18	3.13	4.99
	1.00	BIRC2	A_24_P115774	0.00	3.87	5.44	5.61
	1.00	LDLR	A_24_P117029	0.00	-0.93	2.75	3.54
	1.00	0 (SPOT_A_24_P117294)	A_24_P117294	0.00	9.71	7.26	12.56
	1.00	0 (SPOT_A_24_P119405)	A_24_P119405	0.00	1.83	2.23	6.60
	1.00	0 (SPOT_A_24_P119665)	A_24_P119665	0.00	8.22	12.55	14.24
	1.00	CCNG2	A_24_P12065;A_24_P80532	0.00	-0.49	2.28	3.64
	1.00	AP4S1	A_24_P12281	0.00	1.74	3.14	3.43
	1.00	0 (SPOT_A_24_P123601)	A_24_P123601	0.00	1.91	2.08	3.71
	1.00	0 (SPOT_A_24_P124957)	A_24_P124957	0.00	1.45	1.79	3.83
	1.00	0 (SPOT_A_24_P125353)	A_24_P125353	0.00	-0.01	1.17	2.51
	1.00	KBTBD2	A_24_P12539	0.00	0.56	0.72	2.55
	1.00	0 (SPOT_A_24_P126282)	A_24_P126282	0.00	3.45	5.14	6.01
	1.00	NEMP1	A_24_P126628	0.00	6.04	5.15	10.26
	1.00	TMEM135	A_24_P127075;A_24_P181101	0.00	3.68	4.33	5.38
	1.00	0 (SPOT_A_24_P127641)	A_24_P127641	0.00	6.90	7.78	11.95
	1.00	UBE2D1	A_24_P13032	0.00	1.81	3.23	4.12
	1.00	PHF8	A_24_P130865	0.00	1.36	1.81	3.39
	1.00	0 (SPOT_A_24_P132019)	A_24_P132019	0.00	1.42	3.89	3.95
	1.00	0 (SPOT_A_24_P133085)	A_24_P133085	0.00	1.66	2.59	3.07
	1.00	MYADM	A_24_P134195	0.00	0.20	1.67	3.79
	1.00	OFD1	A_24_P134653	0.00	1.28	2.26	4.55
	1.00	0 (SPOT_A_24_P135319)	A_24_P135319	0.00	0.14	4.64	10.51
	1.00	KCTD9P2	A_24_P135406	0.00	-0.15	2.11	2.50
	1.00	0 (SPOT_A_24_P137522)	A_24_P137522	0.00	1.33	6.24	7.84
	1.00	IFRD1	A_24_P137897	0.00	4.03	5.97	6.40
	1.00	SNX20	A_24_P13831	0.00	3.89	4.28	5.48
	1.00	0 (SPOT_A_24_P139867)	A_24_P139867	0.00	1.02	1.86	1.83
	1.00	GYPC	A_24_P139901	0.00	3.85	3.90	5.10
	1.00	0 (SPOT_A_24_P141522)	A_24_P141522	0.00	1.47	2.13	4.95
	1.00	0 (SPOT_A_24_P144337)	A_24_P144337	0.00	1.31	2.49	2.81
	1.00	0 (SPOT_A_24_P145134)	A_24_P145134	0.00	4.99	10.50	11.25
	1.00	HMSD;SERPINB8	A_24_P147461	0.00	1.17	2.58	6.15
	1.00	0 (SPOT_A_24_P149844)	A_24_P149844	0.00	3.49	5.15	4.89
	1.00	NONO	A_24_P151727;A_24_P413437	0.00	0.72	1.15	1.02
	1.00	ECE1	A_24_P154080;A_24_P396375	0.00	2.44	3.91	4.36
	1.00	IFITM8P	A_24_P15502	0.00	4.46	5.45	9.39
	1.00	SLC39A6	A_24_P156049	0.00	1.00	4.28	4.11
	1.00	DDX59	A_24_P156886	0.00	3.25	3.93	6.07
	1.00	TNFAIP3	A_24_P157926	0.00	7.91	9.40	10.95
	1.00	PARP14	A_24_P161018	0.00	3.32	6.97	9.35
	1.00	0 (SPOT_A_24_P161233)	A_24_P161233	0.00	3.24	2.91	7.27
	1.00	IFITM4P	A_24_P16124	0.00	6.30	7.37	12.81
	1.00	TMEM179B	A_24_P161959	0.00	0.78	0.79	2.52
	1.00	0 (SPOT_A_24_P162319)	A_24_P162319	0.00	-0.24	5.26	5.66
	1.00	GTPBP1	A_24_P168760	0.00	2.69	3.72	5.77
	1.00	0 (SPOT_A_24_P169873)	A_24_P169873	0.00	0.70	1.57	3.82
	1.00	0 (SPOT_A_24_P170667)	A_24_P170667	0.00	1.74	4.08	8.29
	1.00	0 (SPOT_A_24_P173566)	A_24_P173566	0.00	0.68	1.00	3.43
	1.00	0 (SPOT_A_24_P174316)	A_24_P174316	0.00	0.03	1.26	2.21
	1.00	CCNT2	A_24_P174341	0.00	2.79	4.39	5.03
	1.00	0 (SPOT_A_24_P175347)	A_24_P175347	0.00	1.58	1.60	2.18
	1.00	0 (SPOT_A_24_P176044)	A_24_P176044	0.00	1.58	2.02	3.12
	1.00	0 (SPOT_A_24_P176131)	A_24_P176131	0.00	0.89	2.63	3.45
	1.00	0 (SPOT_A_24_P17677)	A_24_P17677	0.00	-0.86	2.83	2.78
	1.00	0 (SPOT_A_24_P177581)	A_24_P177581	0.00	0.05	1.14	0.90
	1.00	0 (SPOT_A_24_P178273)	A_24_P178273	0.00	3.69	3.68	4.73
	1.00	0 (SPOT_A_24_P180424)	A_24_P180424	0.00	0.43	2.59	2.23
	1.00	0 (SPOT_A_24_P180849)	A_24_P180849	0.00	3.61	6.19	6.99
	1.00	ST3GAL4	A_24_P181055	0.00	-0.01	2.80	4.41
	1.00	OLFM4	A_24_P181254	0.00	0.04	6.43	4.95
	1.00	PLAC8	A_24_P183128	0.00	8.90	11.93	10.78
	1.00	CHD2	A_24_P184844;A_24_P264664;A_24_P85317	0.00	0.68	1.97	2.94
	1.00	0 (SPOT_A_24_P185347)	A_24_P185347	0.00	1.76	2.13	2.83
	1.00	DMD	A_24_P185854	0.00	5.21	5.67	7.08
	1.00	UPRT	A_24_P185986	0.00	0.39	1.66	1.80
	1.00	0 (SPOT_A_24_P186414)	A_24_P186414	0.00	2.64	4.04	5.50
	1.00	0 (SPOT_A_24_P187859)	A_24_P187859	0.00	-0.59	2.20	2.64
	1.00	0 (SPOT_A_24_P187954)	A_24_P187954	0.00	4.55	5.08	5.95
	1.00	0 (SPOT_A_24_P190424)	A_24_P190424	0.00	1.57	1.45	3.53
	1.00	SLPI	A_24_P190472	0.00	5.45	7.95	12.19
	1.00	0 (SPOT_A_24_P192821)	A_24_P192821	0.00	3.09	4.14	3.94
	1.00	0 (SPOT_A_24_P1929)	A_24_P1929	0.00	1.91	2.93	3.06
	1.00	TJP1	A_24_P193435	0.00	6.99	8.13	11.71
	1.00	0 (SPOT_A_24_P194707)	A_24_P194707	0.00	1.43	3.21	3.51
	1.00	0 (SPOT_A_24_P195205)	A_24_P195205	0.00	2.73	4.19	4.24
	1.00	0 (SPOT_A_24_P196307)	A_24_P196307	0.00	2.73	2.76	8.87
	1.00	0 (SPOT_A_24_P198598)	A_24_P198598	0.00	3.30	5.78	7.18
	1.00	0 (SPOT_A_24_P199905)	A_24_P199905	0.00	1.82	2.76	2.19
	1.00	0 (SPOT_A_24_P19993)	A_24_P19993	0.00	1.11	1.33	1.69
	1.00	0 (SPOT_A_24_P200080)	A_24_P200080	0.00	3.40	4.46	4.38
	1.00	RFX5	A_24_P20032	0.00	1.32	2.07	2.51
	1.00	0 (SPOT_A_24_P200549)	A_24_P200549	0.00	1.31	2.38	3.40
	1.00	0 (SPOT_A_24_P201089)	A_24_P201089	0.00	3.56	5.24	4.87
	1.00	0 (SPOT_A_24_P201360)	A_24_P201360	0.00	1.35	3.93	3.83
	1.00	0 (SPOT_A_24_P203886)	A_24_P203886	0.00	1.09	1.06	2.17
	1.00	0 (SPOT_A_24_P204414)	A_24_P204414	0.00	-0.14	1.20	2.07
	1.00	0 (SPOT_A_24_P204690)	A_24_P204690	0.00	0.03	2.05	2.90
	1.00	SLC25A4	A_24_P206047	0.00	2.32	2.10	3.44
	1.00	0 (SPOT_A_24_P206343)	A_24_P206343	0.00	4.08	5.29	7.02
	1.00	GIMAP4	A_24_P209455	0.00	3.54	4.39	6.71
	1.00	C11ORF71	A_24_P210082	0.00	0.51	0.94	1.76
	1.00	0 (SPOT_A_24_P211351)	A_24_P211351	0.00	3.58	3.54	5.34
	1.00	ZNF33A	A_24_P212127;A_24_P212129	0.00	1.68	3.96	4.19
	1.00	0 (SPOT_A_24_P212389)	A_24_P212389	0.00	0.97	4.04	3.13
	1.00	0 (SPOT_A_24_P212559)	A_24_P212559	0.00	0.43	0.93	2.00
	1.00	0 (SPOT_A_24_P213396)	A_24_P213396	0.00	0.86	1.71	2.19
	1.00	0 (SPOT_A_24_P213794)	A_24_P213794	0.00	10.69	14.31	14.26
	1.00	0 (SPOT_A_24_P215352)	A_24_P215352	0.00	0.42	1.82	3.34
	1.00	PAF1	A_24_P216087	0.00	1.91	1.66	2.49
	1.00	DLGAP4	A_24_P216253	0.00	0.80	2.96	4.07
	1.00	PRAME	A_24_P216361	0.00	7.30	8.65	12.96
	1.00	0 (SPOT_A_24_P217520)	A_24_P217520	0.00	7.62	9.09	10.96
	1.00	ZNF273	A_24_P218001	0.00	0.92	1.72	1.55
	1.00	0 (SPOT_A_24_P218905)	A_24_P218905	0.00	1.51	4.67	3.67
	1.00	0 (SPOT_A_24_P219094)	A_24_P219094	0.00	2.89	3.50	3.98
	1.00	0 (SPOT_A_24_P222591)	A_24_P222591	0.00	1.80	2.28	2.97
	1.00	0 (SPOT_A_24_P222758)	A_24_P222758	0.00	-0.05	0.75	1.70
	1.00	0 (SPOT_A_24_P222860)	A_24_P222860	0.00	0.31	1.48	1.63
	1.00	FNDC3B	A_24_P223124	0.00	-0.09	3.40	3.64
	1.00	0 (SPOT_A_24_P224219)	A_24_P224219	0.00	1.51	1.76	4.91
	1.00	0 (SPOT_A_24_P229447)	A_24_P229447	0.00	0.30	1.54	1.48
	1.00	0 (SPOT_A_24_P230288)	A_24_P230288	0.00	2.39	4.84	5.74
	1.00	0 (SPOT_A_24_P232049)	A_24_P232049	0.00	2.77	2.97	4.19
	1.00	0 (SPOT_A_24_P232500)	A_24_P232500	0.00	0.81	1.17	2.25
	1.00	SMARCD1	A_24_P232696	0.00	0.56	1.42	1.23
	1.00	0 (SPOT_A_24_P233663)	A_24_P233663	0.00	1.97	2.66	4.09
	1.00	FAM129A	A_24_P233786	0.00	3.63	3.20	4.92
	1.00	0 (SPOT_A_24_P233946)	A_24_P233946	0.00	0.28	1.70	3.06
	1.00	USP12	A_24_P237613	0.00	2.64	5.37	4.76
	1.00	0 (SPOT_A_24_P238609)	A_24_P238609	0.00	2.47	4.04	8.18
	1.00	0 (SPOT_A_24_P238819)	A_24_P238819	0.00	2.98	2.89	4.50
	1.00	0 (SPOT_A_24_P239988)	A_24_P239988	0.00	0.55	1.71	2.95
	1.00	CLEC2D	A_24_P241183;A_32_P95960	0.00	1.76	5.29	4.03
	1.00	JUNB	A_24_P241815	0.00	2.81	3.71	4.43
	1.00	SMG1	A_24_P244952	0.00	1.03	0.96	1.55
	1.00	0 (SPOT_A_24_P245646)	A_24_P245646	0.00	0.96	1.26	1.37
	1.00	0 (SPOT_A_24_P247794)	A_24_P247794	0.00	0.61	1.57	1.47
	1.00	0 (SPOT_A_24_P249812)	A_24_P249812	0.00	-0.16	0.53	0.87
	1.00	NHEJ1	A_24_P251381	0.00	0.49	0.78	1.70
	1.00	KCNMB3	A_24_P251661	0.00	0.16	2.60	5.51
	1.00	0 (SPOT_A_24_P252020)	A_24_P252020	0.00	1.89	2.05	6.28
	1.00	BTN3A2	A_24_P252078	0.00	-0.38	1.56	2.67
	1.00	MIR22HG;MIR22	A_24_P253723	0.00	2.71	2.56	5.60
	1.00	0 (SPOT_A_24_P254933)	A_24_P254933	0.00	6.52	7.28	12.02
	1.00	0 (SPOT_A_24_P256513)	A_24_P256513	0.00	0.78	2.08	1.79
	1.00	0 (SPOT_A_24_P256526)	A_24_P256526	0.00	0.88	1.28	2.26
	1.00	0 (SPOT_A_24_P256668)	A_24_P256668	0.00	1.42	3.06	2.65
	1.00	0 (SPOT_A_24_P257539)	A_24_P257539	0.00	0.23	0.95	1.57
	1.00	0 (SPOT_A_24_P257579)	A_24_P257579	0.00	4.04	5.32	9.24
	1.00	0 (SPOT_A_24_P2584)	A_24_P2584	0.00	0.86	2.30	2.13
	1.00	0 (SPOT_A_24_P258633)	A_24_P258633	0.00	1.98	1.59	3.41
	1.00	TAF1D	A_24_P261383	0.00	0.04	1.59	2.04
	1.00	DDA1	A_24_P262738	0.00	0.82	1.95	2.03
	1.00	FAM169B	A_24_P263310	0.00	-0.31	2.39	4.86
	1.00	0 (SPOT_A_24_P263623)	A_24_P263623	0.00	2.52	3.19	4.37
	1.00	0 (SPOT_A_24_P263767)	A_24_P263767	0.00	2.09	4.14	9.82
	1.00	IGKV2D-30	A_24_P263786	0.00	0.38	1.41	3.15
	1.00	0 (SPOT_A_24_P263826)	A_24_P263826	0.00	2.45	5.11	6.94
	1.00	0 (SPOT_A_24_P266048)	A_24_P266048	0.00	2.78	3.78	3.81
	1.00	THAP6	A_24_P268893	0.00	0.95	0.89	1.31
	1.00	0 (SPOT_A_24_P269687)	A_24_P269687	0.00	1.69	1.96	4.20
	1.00	0 (SPOT_A_24_P270044)	A_24_P270044	0.00	-0.48	3.02	2.67
	1.00	0 (SPOT_A_24_P270674)	A_24_P270674	0.00	1.54	1.79	2.36
	1.00	GP1BA	A_24_P270829	0.00	1.92	1.94	3.21
	1.00	0 (SPOT_A_24_P272146)	A_24_P272146	0.00	0.51	0.92	2.06
	1.00	ASH1L-AS1	A_24_P272225	0.00	3.95	4.90	6.24
	1.00	SOX5	A_24_P27234	0.00	-2.26	11.00	14.49
	1.00	0 (SPOT_A_24_P272389)	A_24_P272389	0.00	6.48	5.86	9.68
	1.00	0 (SPOT_A_24_P272523)	A_24_P272523	0.00	1.11	1.56	2.79
	1.00	0 (SPOT_A_24_P272910)	A_24_P272910	0.00	5.65	5.62	7.12
	1.00	0 (SPOT_A_24_P273635)	A_24_P273635	0.00	1.71	2.44	2.78
	1.00	0 (SPOT_A_24_P273972)	A_24_P273972	0.00	9.26	13.82	13.62
	1.00	SNIP1	A_24_P276531	0.00	4.07	4.22	5.21
	1.00	GMPR	A_24_P277657	0.00	6.21	5.76	9.70
	1.00	0 (SPOT_A_24_P278273)	A_24_P278273	0.00	-0.15	5.32	4.81
	1.00	0 (SPOT_A_24_P278839)	A_24_P278839	0.00	1.81	3.40	2.76
	1.00	SUGT1P1	A_24_P280706	0.00	0.64	0.96	1.93
	1.00	0 (SPOT_A_24_P281468)	A_24_P281468	0.00	-0.36	1.09	1.00
	1.00	0 (SPOT_A_24_P282597)	A_24_P282597	0.00	-0.51	4.04	4.26
	1.00	0 (SPOT_A_24_P283225)	A_24_P283225	0.00	1.12	1.07	1.94
	1.00	EDEM1	A_24_P285768	0.00	1.14	2.43	3.20
	1.00	0 (SPOT_A_24_P287043)	A_24_P287043	0.00	5.26	5.57	8.51
	1.00	0 (SPOT_A_24_P289420)	A_24_P289420	0.00	-0.16	2.02	3.92
	1.00	0 (SPOT_A_24_P289865)	A_24_P289865	0.00	2.83	7.26	6.40
	1.00	0 (SPOT_A_24_P290134)	A_24_P290134	0.00	0.94	6.64	6.61
	1.00	GCC2	A_24_P290502;A_24_P85942	0.00	2.31	5.11	4.47
	1.00	0 (SPOT_A_24_P291074)	A_24_P291074	0.00	4.48	9.80	8.15
	1.00	PLA1A	A_24_P294408	0.00	9.13	14.05	19.71
	1.00	TSTD2	A_24_P295330;A_24_P60972	0.00	1.84	2.77	4.42
	1.00	COG3	A_24_P296070	0.00	1.47	1.56	1.82
	1.00	0 (SPOT_A_24_P298495)	A_24_P298495	0.00	-0.10	1.83	2.84
	1.00	FAM197Y9;FAM197Y8;FAM197Y7;FAM197Y6;FAM197Y5;FAM197Y4;FAM197Y3;FAM197Y2	A_24_P298716	0.00	-0.12	4.20	3.25
	1.00	0 (SPOT_A_24_P298996)	A_24_P298996	0.00	1.32	1.88	5.23
	1.00	OR1C1	A_24_P299769	0.00	0.02	1.91	3.41
	1.00	0 (SPOT_A_24_P303160)	A_24_P303160	0.00	1.27	2.40	2.43
	1.00	TIAM2	A_24_P303454	0.00	9.30	13.61	15.69
	1.00	CUL1	A_24_P303589	0.00	6.30	7.29	9.49
	1.00	0 (SPOT_A_24_P304581)	A_24_P304581	0.00	3.24	2.92	4.23
	1.00	0 (SPOT_A_24_P306063)	A_24_P306063	0.00	3.74	4.92	4.87
	1.00	0 (SPOT_A_24_P306214)	A_24_P306214	0.00	3.35	4.11	5.57
	1.00	0 (SPOT_A_24_P306810)	A_24_P306810	0.00	0.69	6.02	5.87
	1.00	0 (SPOT_A_24_P306814)	A_24_P306814	0.00	2.20	4.40	6.54
	1.00	0 (SPOT_A_24_P307042)	A_24_P307042	0.00	2.04	4.58	7.66
	1.00	ATF4P3	A_24_P307065	0.00	0.24	1.86	4.36
	1.00	0 (SPOT_A_24_P307375)	A_24_P307375	0.00	0.65	1.61	4.45
	1.00	ANKRD13A	A_24_P307572;A_24_P98975	0.00	0.31	2.69	5.51
	1.00	WHAMM	A_24_P307827	0.00	0.37	1.52	2.68
	1.00	0 (SPOT_A_24_P308051)	A_24_P308051	0.00	0.94	2.19	5.95
	1.00	0 (SPOT_A_24_P308096)	A_24_P308096	0.00	1.15	1.35	2.96
	1.00	NAT8B	A_24_P308506	0.00	3.03	4.03	5.01
	1.00	0 (SPOT_A_24_P309912)	A_24_P309912	0.00	1.23	1.27	3.13
	1.00	0 (SPOT_A_24_P311694)	A_24_P311694	0.00	-0.16	1.89	1.83
	1.00	HLA-G	A_24_P311926	0.00	1.21	2.24	4.18
	1.00	0 (SPOT_A_24_P312072)	A_24_P312072	0.00	0.09	1.11	1.44
	1.00	0 (SPOT_A_24_P313576)	A_24_P313576	0.00	1.77	1.74	3.74
	1.00	0 (SPOT_A_24_P313756)	A_24_P313756	0.00	1.48	2.05	3.61
	1.00	0 (SPOT_A_24_P315306)	A_24_P315306	0.00	1.01	1.29	2.89
	1.00	IGHV4-61;IGHV4-59	A_24_P315862	0.00	1.59	1.29	3.35
	1.00	NHLRC4	A_24_P316257	0.00	1.41	1.26	1.79
	1.00	0 (SPOT_A_24_P316965)	A_24_P316965	0.00	9.91	9.78	20.20
	1.00	0 (SPOT_A_24_P317637)	A_24_P317637	0.00	1.20	1.26	3.85
	1.00	LY6E	A_24_P317762	0.00	4.17	3.84	7.21
	1.00	GPA33	A_24_P319374	0.00	1.94	2.88	7.00
	1.00	0 (SPOT_A_24_P319675)	A_24_P319675	0.00	1.64	3.79	5.23
	1.00	CD80	A_24_P320033	0.00	9.37	13.53	15.55
	1.00	0 (SPOT_A_24_P322215)	A_24_P322215	0.00	1.69	2.79	7.12
	1.00	PSTPIP2	A_24_P322353	0.00	5.37	6.04	8.97
	1.00	NUP62	A_24_P322444	0.00	2.40	3.45	3.31
	1.00	0 (SPOT_A_24_P32342)	A_24_P32342	0.00	1.85	2.80	6.60
	1.00	0 (SPOT_A_24_P324488)	A_24_P324488	0.00	0.35	0.99	1.65
	1.00	0 (SPOT_A_24_P324506)	A_24_P324506	0.00	2.18	2.80	3.15
	1.00	0 (SPOT_A_24_P32473)	A_24_P32473	0.00	6.81	9.81	15.61
	1.00	0 (SPOT_A_24_P325333)	A_24_P325333	0.00	14.31	14.56	19.57
	1.00	0 (SPOT_A_24_P325691)	A_24_P325691	0.00	1.46	1.37	2.58
	1.00	0 (SPOT_A_24_P326082)	A_24_P326082	0.00	4.69	3.64	6.89
	1.00	0 (SPOT_A_24_P328646)	A_24_P328646	0.00	0.04	1.10	2.43
	1.00	BTN3A1	A_24_P329065	0.00	3.36	3.96	5.62
	1.00	0 (SPOT_A_24_P329777)	A_24_P329777	0.00	1.17	2.90	2.34
	1.00	0 (SPOT_A_24_P330397)	A_24_P330397	0.00	2.15	3.14	3.16
	1.00	0 (SPOT_A_24_P331882)	A_24_P331882	0.00	3.10	8.56	8.14
	1.00	0 (SPOT_A_24_P332292)	A_24_P332292	0.00	-0.21	1.39	1.04
	1.00	0 (SPOT_A_24_P333077)	A_24_P333077	0.00	1.80	2.12	3.90
	1.00	0 (SPOT_A_24_P335092)	A_24_P335092	0.00	-1.20	6.97	13.37
	1.00	SLC7A5	A_24_P335620	0.00	1.88	6.59	10.31
	1.00	0 (SPOT_A_24_P335656)	A_24_P335656	0.00	3.62	2.96	5.56
	1.00	0 (SPOT_A_24_P33595)	A_24_P33595	0.00	1.23	1.00	1.87
	1.00	SLCO3A1	A_24_P336276;A_24_P588897	0.00	2.61	2.73	4.43
	1.00	0 (SPOT_A_24_P336754)	A_24_P336754	0.00	-0.12	3.13	2.94
	1.00	0 (SPOT_A_24_P337143)	A_24_P337143	0.00	6.00	10.99	8.96
	1.00	0 (SPOT_A_24_P337546)	A_24_P337546	0.00	0.48	1.07	2.75
	1.00	0 (SPOT_A_24_P337575)	A_24_P337575	0.00	4.78	4.54	6.06
	1.00	0 (SPOT_A_24_P337796)	A_24_P337796	0.00	7.53	9.27	11.63
	1.00	0 (SPOT_A_24_P338151)	A_24_P338151	0.00	1.54	1.41	3.74
	1.00	0 (SPOT_A_24_P338882)	A_24_P338882	0.00	1.94	1.68	3.91
	1.00	0 (SPOT_A_24_P339157)	A_24_P339157	0.00	1.83	3.39	3.63
	1.00	0 (SPOT_A_24_P34199)	A_24_P34199	0.00	-0.07	0.84	1.00
	1.00	0 (SPOT_A_24_P342591)	A_24_P342591	0.00	0.63	0.84	2.09
	1.00	0 (SPOT_A_24_P343929)	A_24_P343929	0.00	9.49	7.13	12.58
	1.00	0 (SPOT_A_24_P345540)	A_24_P345540	0.00	-0.80	2.33	2.96
	1.00	SERF1B;SERF1A	A_24_P346126;A_24_P935881	0.00	1.53	1.86	1.90
	1.00	0 (SPOT_A_24_P347418)	A_24_P347418	0.00	2.17	2.59	3.16
	1.00	0 (SPOT_A_24_P349633)	A_24_P349633	0.00	0.34	1.58	2.28
	1.00	0 (SPOT_A_24_P349782)	A_24_P349782	0.00	1.66	1.88	2.90
	1.00	0 (SPOT_A_24_P350686)	A_24_P350686	0.00	7.79	8.83	12.19
	1.00	0 (SPOT_A_24_P353208)	A_24_P353208	0.00	0.55	1.03	1.30
	1.00	0 (SPOT_A_24_P354651)	A_24_P354651	0.00	-0.40	1.21	1.31
	1.00	SLC25A25	A_24_P355267	0.00	0.81	1.70	3.91
	1.00	TP53INP2	A_24_P357465	0.00	3.70	5.96	6.18
	1.00	IGKV3-15	A_24_P357847	0.00	1.73	1.55	4.39
	1.00	0 (SPOT_A_24_P357933)	A_24_P357933	0.00	1.15	2.50	6.84
	1.00	RBMXL1	A_24_P359545	0.00	1.15	4.37	4.27
	1.00	0 (SPOT_A_24_P360674)	A_24_P360674	0.00	6.51	10.29	9.20
	1.00	0 (SPOT_A_24_P361816)	A_24_P361816	0.00	1.29	1.92	3.25
	1.00	ADAR	A_24_P362317	0.00	3.09	5.86	7.27
	1.00	0 (SPOT_A_24_P362979)	A_24_P362979	0.00	3.05	5.70	6.08
	1.00	0 (SPOT_A_24_P36425)	A_24_P36425	0.00	2.01	3.44	2.80
	1.00	0 (SPOT_A_24_P364363)	A_24_P364363	0.00	0.02	1.43	3.25
	1.00	0 (SPOT_A_24_P36457)	A_24_P36457	0.00	2.05	4.01	5.53
	1.00	0 (SPOT_A_24_P367109)	A_24_P367109	0.00	2.02	3.25	3.87
	1.00	0 (SPOT_A_24_P367249)	A_24_P367249	0.00	2.69	8.24	8.16
	1.00	0 (SPOT_A_24_P367543)	A_24_P367543	0.00	0.54	0.63	1.81
	1.00	0 (SPOT_A_24_P36898)	A_24_P36898	0.00	10.41	13.61	13.64
	1.00	0 (SPOT_A_24_P370702)	A_24_P370702	0.00	5.16	6.91	10.30
	1.00	TMEM140	A_24_P372134	0.00	3.54	4.85	5.40
	1.00	0 (SPOT_A_24_P372580)	A_24_P372580	0.00	2.36	4.18	3.32
	1.00	0 (SPOT_A_24_P373976)	A_24_P373976	0.00	0.22	2.44	3.52
	1.00	0 (SPOT_A_24_P374834)	A_24_P374834	0.00	1.84	1.50	3.64
	1.00	STAG3L1;STAG3L3;STAG3L2	A_24_P374962	0.00	0.97	1.21	1.87
	1.00	0 (SPOT_A_24_P375421)	A_24_P375421	0.00	1.75	2.61	4.67
	1.00	0 (SPOT_A_24_P375510)	A_24_P375510	0.00	4.71	3.81	7.89
	1.00	0 (SPOT_A_24_P376483)	A_24_P376483	0.00	2.27	2.47	6.50
	1.00	0 (SPOT_A_24_P376599)	A_24_P376599	0.00	1.32	1.46	3.88
	1.00	0 (SPOT_A_24_P377065)	A_24_P377065	0.00	2.67	3.74	3.89
	1.00	0 (SPOT_A_24_P377895)	A_24_P377895	0.00	-0.50	6.41	5.01
	1.00	G3BP2	A_24_P380132	0.00	0.67	1.42	2.57
	1.00	CAMK2A	A_24_P380311	0.00	1.14	8.66	10.95
	1.00	0 (SPOT_A_24_P380628)	A_24_P380628	0.00	0.54	3.62	3.13
	1.00	IGFBP4	A_24_P382187	0.00	11.81	9.89	15.32
	1.00	CEACAM1	A_24_P382319	0.00	4.33	8.03	11.09
	1.00	SAMD4A	A_24_P383523	0.00	5.39	6.38	7.93
	1.00	0 (SPOT_A_24_P38446)	A_24_P38446	0.00	0.89	0.83	1.13
	1.00	0 (SPOT_A_24_P384969)	A_24_P384969	0.00	0.29	0.34	1.23
	1.00	0 (SPOT_A_24_P385205)	A_24_P385205	0.00	0.67	1.92	4.21
	1.00	PTPRF	A_24_P385313	0.00	4.70	9.10	12.09
	1.00	SP100	A_24_P385611	0.00	3.53	4.48	5.23
	1.00	SLC51A	A_24_P385732	0.00	9.63	13.79	14.56
	1.00	ISCA1P1;ISCA1P6;ISCA1	A_24_P387609;A_32_P25253	0.00	3.06	4.10	4.39
	1.00	NADK	A_24_P389994	0.00	1.96	2.27	3.56
	1.00	OAF	A_24_P391586	0.00	-0.54	2.78	4.59
	1.00	0 (SPOT_A_24_P392151)	A_24_P392151	0.00	-0.37	1.70	1.81
	1.00	0 (SPOT_A_24_P392265)	A_24_P392265	0.00	2.07	1.85	4.58
	1.00	0 (SPOT_A_24_P393548)	A_24_P393548	0.00	2.25	2.30	4.66
	1.00	CYP2E1	A_24_P394940	0.00	0.09	2.26	4.18
	1.00	RUNDC1	A_24_P395621	0.00	1.13	1.34	1.72
	1.00	0 (SPOT_A_24_P399680)	A_24_P399680	0.00	0.88	4.44	5.04
	1.00	0 (SPOT_A_24_P401051)	A_24_P401051	0.00	0.97	1.77	3.91
	1.00	0 (SPOT_A_24_P401645)	A_24_P401645	0.00	-0.69	5.43	4.17
	1.00	0 (SPOT_A_24_P401949)	A_24_P401949	0.00	0.06	1.21	2.80
	1.00	USP33	A_24_P405190	0.00	2.92	3.73	5.02
	1.00	HOMEZ	A_24_P40594	0.00	0.64	0.86	2.14
	1.00	RNF144B	A_24_P406060	0.00	5.07	6.64	7.96
	1.00	0 (SPOT_A_24_P406693)	A_24_P406693	0.00	0.94	1.51	4.55
	1.00	RAB39B	A_24_P408603	0.00	2.53	2.85	6.97
	1.00	0 (SPOT_A_24_P408772)	A_24_P408772	0.00	10.63	15.73	13.78
	1.00	0 (SPOT_A_24_P409661)	A_24_P409661	0.00	1.54	1.70	2.91
	1.00	0 (SPOT_A_24_P409760)	A_24_P409760	0.00	0.18	2.58	3.68
	1.00	0 (SPOT_A_24_P410363)	A_24_P410363	0.00	1.71	1.73	2.33
	1.00	0 (SPOT_A_24_P410895)	A_24_P410895	0.00	-0.03	0.89	2.04
	1.00	AFF1	A_24_P414332	0.00	1.49	2.57	2.41
	1.00	BRPF3	A_24_P414712	0.00	1.58	2.70	2.24
	1.00	0 (SPOT_A_24_P415839)	A_24_P415839	0.00	3.10	5.56	7.83
	1.00	0 (SPOT_A_24_P416728)	A_24_P416728	0.00	1.30	1.90	2.24
	1.00	0 (SPOT_A_24_P417904)	A_24_P417904	0.00	0.02	4.59	6.78
	1.00	HLA-J;HLA-A	A_24_P418044	0.00	1.54	1.62	3.90
	1.00	0 (SPOT_A_24_P419220)	A_24_P419220	0.00	5.44	8.29	7.13
	1.00	0 (SPOT_A_24_P419351)	A_24_P419351	0.00	4.61	6.99	9.19
	1.00	MAD2L1BP	A_24_P43588	0.00	0.82	1.10	1.09
	1.00	0 (SPOT_A_24_P4373)	A_24_P4373	0.00	6.54	6.89	9.72
	1.00	0 (SPOT_A_24_P452024)	A_24_P452024	0.00	-0.24	2.44	2.10
	1.00	0 (SPOT_A_24_P452175)	A_24_P452175	0.00	0.99	1.17	1.77
	1.00	0 (SPOT_A_24_P45251)	A_24_P45251	0.00	1.41	2.12	3.11
	1.00	GBP4	A_24_P45446	0.00	16.77	17.14	23.92
	1.00	0 (SPOT_A_24_P456407)	A_24_P456407	0.00	2.73	3.59	3.33
	1.00	RSU1P1	A_24_P458252	0.00	-0.37	6.87	5.46
	1.00	0 (SPOT_A_24_P461389)	A_24_P461389	0.00	0.37	2.90	3.42
	1.00	0 (SPOT_A_24_P46357)	A_24_P46357	0.00	2.57	7.01	7.02
	1.00	0 (SPOT_A_24_P46484)	A_24_P46484	0.00	3.67	4.59	5.26
	1.00	0 (SPOT_A_24_P465799)	A_24_P465799	0.00	2.52	3.02	5.69
	1.00	0 (SPOT_A_24_P46689)	A_24_P46689	0.00	1.19	1.40	2.16
	1.00	0 (SPOT_A_24_P472081)	A_24_P472081	0.00	0.65	1.12	1.83
	1.00	0 (SPOT_A_24_P476215)	A_24_P476215	0.00	1.18	4.21	4.97
	1.00	0 (SPOT_A_24_P478940)	A_24_P478940	0.00	5.12	6.80	8.11
	1.00	0 (SPOT_A_24_P4795)	A_24_P4795	0.00	0.66	0.93	1.49
	1.00	ELL3	A_24_P47988	0.00	2.36	3.95	6.01
	1.00	0 (SPOT_A_24_P481530)	A_24_P481530	0.00	1.96	3.70	4.89
	1.00	0 (SPOT_A_24_P481601)	A_24_P481601	0.00	-0.23	1.90	1.52
	1.00	SECTM1	A_24_P48204	0.00	6.16	5.42	10.82
	1.00	0 (SPOT_A_24_P484322)	A_24_P484322	0.00	-0.12	4.04	4.09
	1.00	0 (SPOT_A_24_P494425)	A_24_P494425	0.00	0.32	1.71	2.08
	1.00	0 (SPOT_A_24_P494501)	A_24_P494501	0.00	1.11	3.87	5.11
	1.00	0 (SPOT_A_24_P496720)	A_24_P496720	0.00	0.80	1.58	4.62
	1.00	FAM21FP	A_24_P499215	0.00	1.78	2.17	4.68
	1.00	RAB39A	A_24_P50028	0.00	1.14	6.09	7.85
	1.00	0 (SPOT_A_24_P50509)	A_24_P50509	0.00	6.18	6.34	8.65
	1.00	0 (SPOT_A_24_P509177)	A_24_P509177	0.00	0.82	3.31	3.27
	1.00	0 (SPOT_A_24_P515815)	A_24_P515815	0.00	-0.02	2.10	1.64
	1.00	0 (SPOT_A_24_P51777)	A_24_P51777	0.00	7.69	10.70	10.24
	1.00	0 (SPOT_A_24_P51786)	A_24_P51786	0.00	7.29	9.07	9.74
	1.00	0 (SPOT_A_24_P519504)	A_24_P519504	0.00	1.09	3.01	4.00
	1.00	0 (SPOT_A_24_P52111)	A_24_P52111	0.00	1.20	1.70	2.90
	1.00	0 (SPOT_A_24_P522864)	A_24_P522864	0.00	7.42	10.04	8.92
	1.00	0 (SPOT_A_24_P524262)	A_24_P524262	0.00	-0.58	2.13	3.25
	1.00	0 (SPOT_A_24_P532864)	A_24_P532864	0.00	0.05	1.09	1.58
	1.00	0 (SPOT_A_24_P542364)	A_24_P542364	0.00	1.40	3.32	3.31
	1.00	0 (SPOT_A_24_P544355)	A_24_P544355	0.00	-0.05	0.94	1.38
	1.00	0 (SPOT_A_24_P544889)	A_24_P544889	0.00	2.46	8.22	9.32
	1.00	0 (SPOT_A_24_P54879)	A_24_P54879	0.00	1.57	4.19	4.70
	1.00	0 (SPOT_A_24_P554040)	A_24_P554040	0.00	-0.08	0.97	1.11
	1.00	0 (SPOT_A_24_P55437)	A_24_P55437	0.00	3.12	3.75	6.41
	1.00	0 (SPOT_A_24_P560909)	A_24_P560909	0.00	3.45	3.48	4.80
	1.00	0 (SPOT_A_24_P561165)	A_24_P561165	0.00	7.99	9.68	14.37
	1.00	MYL6	A_24_P56130	0.00	-0.46	1.30	1.91
	1.00	0 (SPOT_A_24_P567298)	A_24_P567298	0.00	8.95	10.67	15.70
	1.00	TMEM199	A_24_P56884	0.00	0.51	1.12	1.29
	1.00	CRLF3	A_24_P56894	0.00	0.11	3.37	2.60
	1.00	0 (SPOT_A_24_P571937)	A_24_P571937	0.00	1.60	1.98	2.76
	1.00	0 (SPOT_A_24_P572303)	A_24_P572303	0.00	0.66	0.87	1.90
	1.00	KIAA1644	A_24_P57993;A_32_P37867	0.00	-0.46	5.91	7.17
	1.00	0 (SPOT_A_24_P582241)	A_24_P582241	0.00	1.94	3.63	8.77
	1.00	GRAMD1B	A_24_P58620	0.00	4.81	6.61	8.87
	1.00	0 (SPOT_A_24_P592591)	A_24_P592591	0.00	10.02	14.11	13.15
	1.00	0 (SPOT_A_24_P59713)	A_24_P59713	0.00	0.43	3.57	3.24
	1.00	0 (SPOT_A_24_P59882)	A_24_P59882	0.00	3.16	2.73	5.20
	1.00	0 (SPOT_A_24_P599225)	A_24_P599225	0.00	1.00	2.74	5.60
	1.00	0 (SPOT_A_24_P602052)	A_24_P602052	0.00	-0.27	3.92	8.12
	1.00	ACHE	A_24_P60845	0.00	2.74	7.00	5.69
	1.00	0 (SPOT_A_24_P618077)	A_24_P618077	0.00	-0.29	3.85	3.01
	1.00	0 (SPOT_A_24_P626951)	A_24_P626951	0.00	0.74	1.80	2.93
	1.00	STAM2	A_24_P62860	0.00	0.82	3.02	2.33
	1.00	0 (SPOT_A_24_P629163)	A_24_P629163	0.00	0.59	1.52	2.69
	1.00	0 (SPOT_A_24_P632160)	A_24_P632160	0.00	0.34	0.97	1.33
	1.00	0 (SPOT_A_24_P634688)	A_24_P634688	0.00	2.04	7.04	9.81
	1.00	0 (SPOT_A_24_P634911)	A_24_P634911	0.00	0.48	1.75	2.56
	1.00	0 (SPOT_A_24_P635355)	A_24_P635355	0.00	3.65	4.83	8.64
	1.00	0 (SPOT_A_24_P639701)	A_24_P639701	0.00	0.54	1.59	2.86
	1.00	0 (SPOT_A_24_P640617)	A_24_P640617	0.00	-0.22	4.49	3.38
	1.00	SLC25A37	A_24_P64100	0.00	5.63	7.52	7.41
	1.00	0 (SPOT_A_24_P644554)	A_24_P644554	0.00	1.65	1.71	6.39
	1.00	0 (SPOT_A_24_P652537)	A_24_P652537	0.00	4.70	5.82	8.02
	1.00	0 (SPOT_A_24_P659202)	A_24_P659202	0.00	6.88	7.01	9.34
	1.00	0 (SPOT_A_24_P66350)	A_24_P66350	0.00	0.45	3.27	4.27
	1.00	0 (SPOT_A_24_P66685)	A_24_P66685	0.00	3.15	3.68	4.07
	1.00	0 (SPOT_A_24_P669854)	A_24_P669854	0.00	-0.43	2.51	2.06
	1.00	0 (SPOT_A_24_P67364)	A_24_P67364	0.00	0.88	2.20	2.27
	1.00	0 (SPOT_A_24_P674479)	A_24_P674479	0.00	5.30	6.50	6.71
	1.00	0 (SPOT_A_24_P677559)	A_24_P677559	0.00	1.39	1.75	3.97
	1.00	0 (SPOT_A_24_P677639)	A_24_P677639	0.00	0.86	2.15	4.41
	1.00	TRANK1	A_24_P68079	0.00	4.43	3.86	8.19
	1.00	C8ORF88	A_24_P683011	0.00	0.44	2.26	4.57
	1.00	0 (SPOT_A_24_P686263)	A_24_P686263	0.00	2.09	2.65	5.25
	1.00	HIST2H2AB	A_24_P68631	0.00	2.79	2.72	5.02
	1.00	OR7A2P	A_24_P6864	0.00	-0.40	3.33	4.03
	1.00	0 (SPOT_A_24_P687302)	A_24_P687302	0.00	6.26	11.15	11.25
	1.00	IL36RN	A_24_P68783	0.00	1.06	4.37	4.12
	1.00	0 (SPOT_A_24_P69654)	A_24_P69654	0.00	3.74	6.39	7.96
	1.00	0 (SPOT_A_24_P696742)	A_24_P696742	0.00	2.48	5.15	8.90
	1.00	0 (SPOT_A_24_P696924)	A_24_P696924	0.00	1.06	4.31	6.36
	1.00	0 (SPOT_A_24_P69784)	A_24_P69784	0.00	-0.60	1.86	2.97
	1.00	0 (SPOT_A_24_P698128)	A_24_P698128	0.00	0.92	1.29	1.81
	1.00	0 (SPOT_A_24_P7040)	A_24_P7040	0.00	6.99	8.46	13.92
	1.00	0 (SPOT_A_24_P705701)	A_24_P705701	0.00	1.43	1.55	4.16
	1.00	0 (SPOT_A_24_P706983)	A_24_P706983	0.00	0.85	1.23	2.39
	1.00	0 (SPOT_A_24_P71021)	A_24_P71021	0.00	0.83	2.23	2.45
	1.00	0 (SPOT_A_24_P712193)	A_24_P712193	0.00	-0.24	3.77	4.76
	1.00	0 (SPOT_A_24_P713668)	A_24_P713668	0.00	0.09	1.61	1.19
	1.00	PUM2	A_24_P71439	0.00	0.27	1.53	1.26
	1.00	0 (SPOT_A_24_P715602)	A_24_P715602	0.00	11.93	12.59	16.23
	1.00	0 (SPOT_A_24_P717824)	A_24_P717824	0.00	1.55	4.47	6.80
	1.00	0 (SPOT_A_24_P71834)	A_24_P71834	0.00	2.66	3.44	3.57
	1.00	0 (SPOT_A_24_P7330)	A_24_P7330	0.00	0.61	3.78	5.67
	1.00	0 (SPOT_A_24_P740662)	A_24_P740662	0.00	2.87	5.64	8.24
	1.00	0 (SPOT_A_24_P740906)	A_24_P740906	0.00	2.30	1.93	4.61
	1.00	0 (SPOT_A_24_P74828)	A_24_P74828	0.00	6.28	6.65	8.24
	1.00	MYL12BP2	A_24_P75230	0.00	-0.04	2.83	3.24
	1.00	0 (SPOT_A_24_P753760)	A_24_P753760	0.00	0.97	5.02	4.39
	1.00	0 (SPOT_A_24_P755169)	A_24_P755169	0.00	0.25	0.61	1.56
	1.00	0 (SPOT_A_24_P75543)	A_24_P75543	0.00	1.02	5.83	6.57
	1.00	0 (SPOT_A_24_P778906)	A_24_P778906	0.00	-0.27	0.81	1.07
	1.00	CATSPER4	A_24_P786388	0.00	-0.26	0.84	1.27
	1.00	0 (SPOT_A_24_P789425)	A_24_P789425	0.00	0.60	1.51	3.13
	1.00	GNG8	A_24_P79070	0.00	3.55	3.26	4.55
	1.00	0 (SPOT_A_24_P794122)	A_24_P794122	0.00	1.51	2.23	3.84
	1.00	0 (SPOT_A_24_P800009)	A_24_P800009	0.00	-0.29	0.68	1.10
	1.00	METTL12;SNORA57	A_24_P804667	0.00	-0.56	1.35	2.13
	1.00	0 (SPOT_A_24_P80633)	A_24_P80633	0.00	2.11	1.92	2.75
	1.00	0 (SPOT_A_24_P81789)	A_24_P81789	0.00	1.88	3.38	6.66
	1.00	0 (SPOT_A_24_P822869)	A_24_P822869	0.00	3.96	3.79	6.64
	1.00	0 (SPOT_A_24_P823708)	A_24_P823708	0.00	-0.18	2.70	3.27
	1.00	0 (SPOT_A_24_P829156)	A_24_P829156	0.00	4.68	6.40	9.00
	1.00	0 (SPOT_A_24_P82948)	A_24_P82948	0.00	3.24	3.43	5.35
	1.00	NELFA	A_24_P83183	0.00	-0.62	1.30	1.84
	1.00	FAM120AOS	A_24_P832156	0.00	1.53	1.29	2.97
	1.00	0 (SPOT_A_24_P834066)	A_24_P834066	0.00	0.11	5.86	5.14
	1.00	0 (SPOT_A_24_P849245)	A_24_P849245	0.00	4.39	4.57	5.63
	1.00	0 (SPOT_A_24_P85009)	A_24_P85009	0.00	7.34	8.05	11.83
	1.00	0 (SPOT_A_24_P85117)	A_24_P85117	0.00	1.91	2.30	3.57
	1.00	0 (SPOT_A_24_P852001)	A_24_P852001	0.00	0.73	1.45	2.49
	1.00	0 (SPOT_A_24_P854964)	A_24_P854964	0.00	1.87	2.66	3.19
	1.00	0 (SPOT_A_24_P860781)	A_24_P860781	0.00	1.95	2.67	5.32
	1.00	0 (SPOT_A_24_P868905)	A_24_P868905	0.00	6.50	6.09	13.30
	1.00	0 (SPOT_A_24_P871726)	A_24_P871726	0.00	1.33	6.24	6.49
	1.00	0 (SPOT_A_24_P874007)	A_24_P874007	0.00	2.81	4.67	8.26
	1.00	0 (SPOT_A_24_P878376)	A_24_P878376	0.00	-0.85	2.20	2.74
	1.00	SLC50A1	A_24_P88565	0.00	1.07	0.88	2.06
	1.00	0 (SPOT_A_24_P887092)	A_24_P887092	0.00	-0.01	2.71	2.02
	1.00	0 (SPOT_A_24_P89284)	A_24_P89284	0.00	1.25	1.65	5.91
	1.00	CDKN1A	A_24_P89457	0.00	3.49	4.82	5.47
	1.00	TRAF1	A_24_P89891	0.00	6.14	7.46	9.31
	1.00	0 (SPOT_A_24_P899032)	A_24_P899032	0.00	3.05	4.79	12.14
	1.00	0 (SPOT_A_24_P901084)	A_24_P901084	0.00	1.76	2.55	2.76
	1.00	CTRL	A_24_P90900	0.00	3.17	4.33	4.35
	1.00	0 (SPOT_A_24_P910030)	A_24_P910030	0.00	1.46	1.57	4.86
	1.00	0 (SPOT_A_24_P910608)	A_24_P910608	0.00	0.09	1.88	3.54
	1.00	CCDC50	A_24_P910733	0.00	6.86	10.13	9.42
	1.00	0 (SPOT_A_24_P91232)	A_24_P91232	0.00	1.98	1.58	2.90
	1.00	0 (SPOT_A_24_P912382)	A_24_P912382	0.00	2.09	3.11	6.83
	1.00	0 (SPOT_A_24_P912889)	A_24_P912889	0.00	1.29	2.14	4.79
	1.00	0 (SPOT_A_24_P913855)	A_24_P913855	0.00	-1.19	4.44	6.98
	1.00	0 (SPOT_A_24_P914750)	A_24_P914750	0.00	-0.09	0.82	1.54
	1.00	TMEM268	A_24_P915196	0.00	2.98	5.31	7.83
	1.00	0 (SPOT_A_24_P915675)	A_24_P915675	0.00	2.45	3.31	4.18
	1.00	0 (SPOT_A_24_P917164)	A_24_P917164	0.00	-0.50	2.25	2.76
	1.00	0 (SPOT_A_24_P917178)	A_24_P917178	0.00	2.18	4.35	4.42
	1.00	0 (SPOT_A_24_P917810)	A_24_P917810	0.00	5.37	10.17	9.26
	1.00	0 (SPOT_A_24_P917934)	A_24_P917934	0.00	0.85	1.33	1.22
	1.00	0 (SPOT_A_24_P920398)	A_24_P920398	0.00	8.87	8.99	11.18
	1.00	0 (SPOT_A_24_P920468)	A_24_P920468	0.00	2.78	3.82	3.49
	1.00	C22ORF39	A_24_P922357	0.00	0.09	1.37	2.27
	1.00	0 (SPOT_A_24_P922449)	A_24_P922449	0.00	3.54	4.57	9.36
	1.00	0 (SPOT_A_24_P922862)	A_24_P922862	0.00	-0.58	3.27	2.35
	1.00	0 (SPOT_A_24_P923757)	A_24_P923757	0.00	0.44	1.96	3.10
	1.00	0 (SPOT_A_24_P924183)	A_24_P924183	0.00	2.93	10.76	10.16
	1.00	0 (SPOT_A_24_P925186)	A_24_P925186	0.00	-0.08	4.82	7.99
	1.00	0 (SPOT_A_24_P92624)	A_24_P92624	0.00	4.44	3.77	7.71
	1.00	0 (SPOT_A_24_P927432)	A_24_P927432	0.00	1.39	1.85	2.37
	1.00	0 (SPOT_A_24_P927850)	A_24_P927850	0.00	-0.08	2.55	2.44
	1.00	0 (SPOT_A_24_P928522)	A_24_P928522	0.00	-0.85	3.43	5.67
	1.00	0 (SPOT_A_24_P929533)	A_24_P929533	0.00	-0.20	2.61	4.14
	1.00	0 (SPOT_A_24_P929807)	A_24_P929807	0.00	2.68	3.76	3.38
	1.00	0 (SPOT_A_24_P929818)	A_24_P929818	0.00	1.75	7.04	7.57
	1.00	0 (SPOT_A_24_P930799)	A_24_P930799	0.00	0.66	1.72	2.69
	1.00	0 (SPOT_A_24_P931889)	A_24_P931889	0.00	1.00	4.65	4.18
	1.00	0 (SPOT_A_24_P932680)	A_24_P932680	0.00	1.10	1.37	1.81
	1.00	0 (SPOT_A_24_P932706)	A_24_P932706	0.00	0.17	2.02	2.78
	1.00	0 (SPOT_A_24_P933372)	A_24_P933372	0.00	0.48	1.48	1.83
	1.00	0 (SPOT_A_24_P933706)	A_24_P933706	0.00	0.98	1.67	2.87
	1.00	0 (SPOT_A_24_P933965)	A_24_P933965	0.00	2.26	4.07	4.54
	1.00	0 (SPOT_A_24_P934096)	A_24_P934096	0.00	0.01	3.03	2.27
	1.00	0 (SPOT_A_24_P934755)	A_24_P934755	0.00	2.40	4.54	5.77
	1.00	0 (SPOT_A_24_P935163)	A_24_P935163	0.00	-0.01	1.90	1.99
	1.00	0 (SPOT_A_24_P93523)	A_24_P93523	0.00	-0.35	1.98	2.73
	1.00	0 (SPOT_A_24_P935535)	A_24_P935535	0.00	11.89	12.88	15.05
	1.00	0 (SPOT_A_24_P935652)	A_24_P935652	0.00	4.52	6.20	5.74
	1.00	0 (SPOT_A_24_P936057)	A_24_P936057	0.00	0.29	1.11	0.85
	1.00	0 (SPOT_A_24_P936272)	A_24_P936272	0.00	2.21	3.82	8.13
	1.00	0 (SPOT_A_24_P936556)	A_24_P936556	0.00	2.53	4.73	6.92
	1.00	0 (SPOT_A_24_P936975)	A_24_P936975	0.00	-0.49	1.42	1.88
	1.00	0 (SPOT_A_24_P937062)	A_24_P937062	0.00	-0.30	2.29	1.68
	1.00	0 (SPOT_A_24_P937169)	A_24_P937169	0.00	2.51	3.27	4.22
	1.00	0 (SPOT_A_24_P937691)	A_24_P937691	0.00	2.19	2.62	5.93
	1.00	0 (SPOT_A_24_P940233)	A_24_P940233	0.00	-0.26	1.68	2.55
	1.00	0 (SPOT_A_24_P940288)	A_24_P940288	0.00	2.00	1.95	3.66
	1.00	0 (SPOT_A_24_P94101)	A_24_P94101	0.00	4.33	3.17	5.78
	1.00	0 (SPOT_A_24_P941339)	A_24_P941339	0.00	2.91	3.19	6.05
	1.00	GNA13	A_24_P941441	0.00	1.34	1.55	3.08
	1.00	0 (SPOT_A_24_P941526)	A_24_P941526	0.00	0.94	1.14	2.51
	1.00	DTX3L	A_24_P941912	0.00	3.70	5.29	7.14
	1.00	0 (SPOT_A_24_P942092)	A_24_P942092	0.00	2.64	2.26	4.90
	1.00	0 (SPOT_A_24_P943205)	A_24_P943205	0.00	1.68	3.95	9.31
	1.00	ACVRL1	A_24_P945113	0.00	3.72	3.99	7.10
	1.00	CARS	A_24_P95439	0.00	1.15	1.87	5.40
	1.00	DNAJA1	A_24_P9671	0.00	6.43	5.31	8.88
	1.00	EOMES	A_24_P97374	0.00	-0.02	1.63	2.56
	1.00	0 (SPOT_A_24_P97703)	A_24_P97703	0.00	2.57	3.48	3.28
	1.00	SNX10	A_24_P98109	0.00	2.50	5.68	9.30
	1.00	0 (SPOT_A_24_P98210)	A_24_P98210	0.00	2.93	3.92	5.08
	1.00	0 (SPOT_A_24_P99526)	A_24_P99526	0.00	2.32	2.53	4.35
	1.00	CXORF65	A_32_P101352	0.00	1.08	1.84	3.90
	1.00	0 (SPOT_A_32_P101490)	A_32_P101490	0.00	3.79	2.93	5.65
	1.00	FOXO3;FOXO3B;ZNF286B	A_32_P102062	0.00	0.73	1.74	2.53
	1.00	0 (SPOT_A_32_P102653)	A_32_P102653	0.00	6.41	10.69	13.37
	1.00	0 (SPOT_A_32_P103309)	A_32_P103309	0.00	1.35	1.13	1.76
	1.00	SINHCAF;FAM60CP	A_32_P103837	0.00	3.07	3.90	5.39
	1.00	B4GALT4	A_32_P103945	0.00	2.78	4.22	4.48
	1.00	0 (SPOT_A_32_P104694)	A_32_P104694	0.00	2.14	2.73	5.03
	1.00	0 (SPOT_A_32_P106615)	A_32_P106615	0.00	2.07	1.95	3.42
	1.00	0 (SPOT_A_32_P107372)	A_32_P107372	0.00	17.59	19.07	21.57
	1.00	0 (SPOT_A_32_P107968)	A_32_P107968	0.00	-0.07	0.71	1.01
	1.00	MIR155HG;MIR155	A_32_P108156	0.00	1.04	4.38	7.87
	1.00	0 (SPOT_A_32_P108567)	A_32_P108567	0.00	5.96	7.55	7.35
	1.00	0 (SPOT_A_32_P10960)	A_32_P10960	0.00	-0.14	1.29	2.67
	1.00	0 (SPOT_A_32_P112331)	A_32_P112331	0.00	1.51	8.18	6.23
	1.00	0 (SPOT_A_32_P113971)	A_32_P113971	0.00	-0.42	4.44	4.58
	1.00	0 (SPOT_A_32_P114675)	A_32_P114675	0.00	2.66	5.53	4.79
	1.00	0 (SPOT_A_32_P114739)	A_32_P114739	0.00	5.79	9.38	8.66
	1.00	0 (SPOT_A_32_P11499)	A_32_P11499	0.00	0.64	1.57	2.14
	1.00	0 (SPOT_A_32_P115043)	A_32_P115043	0.00	1.82	1.81	2.50
	1.00	0 (SPOT_A_32_P117453)	A_32_P117453	0.00	0.25	4.74	6.24
	1.00	0 (SPOT_A_32_P118959)	A_32_P118959	0.00	0.48	1.72	2.13
	1.00	0 (SPOT_A_32_P120726)	A_32_P120726	0.00	1.16	1.76	1.91
	1.00	LYSMD2	A_32_P120895	0.00	3.33	3.26	4.59
	1.00	0 (SPOT_A_32_P121234)	A_32_P121234	0.00	1.17	1.06	3.23
	1.00	0 (SPOT_A_32_P122402)	A_32_P122402	0.00	2.24	2.79	4.65
	1.00	0 (SPOT_A_32_P122754)	A_32_P122754	0.00	2.59	1.99	4.42
	1.00	USP46-AS1	A_32_P12327	0.00	4.50	9.42	8.04
	1.00	0 (SPOT_A_32_P12430)	A_32_P12430	0.00	2.05	2.31	2.99
	1.00	0 (SPOT_A_32_P124580)	A_32_P124580	0.00	0.53	1.11	2.21
	1.00	0 (SPOT_A_32_P125496)	A_32_P125496	0.00	2.31	2.07	4.70
	1.00	0 (SPOT_A_32_P125542)	A_32_P125542	0.00	4.70	10.19	14.77
	1.00	0 (SPOT_A_32_P126023)	A_32_P126023	0.00	13.22	19.43	17.32
	1.00	0 (SPOT_A_32_P127200)	A_32_P127200	0.00	1.23	0.93	1.92
	1.00	USP53	A_32_P128701	0.00	1.80	4.62	5.89
	1.00	FRMPD3	A_32_P129669	0.00	2.86	2.62	4.96
	1.00	0 (SPOT_A_32_P130265)	A_32_P130265	0.00	0.01	1.19	1.58
	1.00	0 (SPOT_A_32_P130380)	A_32_P130380	0.00	5.58	5.74	9.69
	1.00	0 (SPOT_A_32_P13056)	A_32_P13056	0.00	-0.19	1.68	1.29
	1.00	0 (SPOT_A_32_P130577)	A_32_P130577	0.00	0.72	1.36	1.14
	1.00	0 (SPOT_A_32_P131377)	A_32_P131377	0.00	0.74	1.10	2.13
	1.00	0 (SPOT_A_32_P132206)	A_32_P132206	0.00	10.31	10.22	12.89
	1.00	0 (SPOT_A_32_P136063)	A_32_P136063	0.00	1.43	8.62	11.89
	1.00	0 (SPOT_A_32_P136269)	A_32_P136269	0.00	0.29	7.99	9.29
	1.00	0 (SPOT_A_32_P136450)	A_32_P136450	0.00	2.52	4.33	5.65
	1.00	0 (SPOT_A_32_P136982)	A_32_P136982	0.00	1.85	2.31	3.29
	1.00	0 (SPOT_A_32_P137604)	A_32_P137604	0.00	9.07	12.94	11.49
	1.00	0 (SPOT_A_32_P139391)	A_32_P139391	0.00	1.20	8.20	6.32
	1.00	0 (SPOT_A_32_P141184)	A_32_P141184	0.00	0.84	8.07	11.10
	1.00	0 (SPOT_A_32_P143980)	A_32_P143980	0.00	2.37	4.36	7.76
	1.00	MYL12BP1	A_32_P144220	0.00	0.85	2.52	2.74
	1.00	0 (SPOT_A_32_P145477)	A_32_P145477	0.00	1.19	6.54	6.80
	1.00	0 (SPOT_A_32_P145599)	A_32_P145599	0.00	-0.22	2.08	3.42
	1.00	0 (SPOT_A_32_P146552)	A_32_P146552	0.00	-0.40	2.34	3.86
	1.00	0 (SPOT_A_32_P146815)	A_32_P146815	0.00	0.91	3.22	3.69
	1.00	0 (SPOT_A_32_P147678)	A_32_P147678	0.00	1.77	1.89	2.35
	1.00	0 (SPOT_A_32_P148118)	A_32_P148118	0.00	-0.24	1.16	1.37
	1.00	IGKV1OR2-1;IGKV1OR2-2;IGKV1OR-2;IGKV1OR9-1;IGKV1OR-3;IGKV1OR9-2	A_32_P148122	0.00	0.74	1.20	3.46
	1.00	0 (SPOT_A_32_P148199)	A_32_P148199	0.00	0.43	1.74	2.05
	1.00	0 (SPOT_A_32_P148636)	A_32_P148636	0.00	1.09	1.00	1.62
	1.00	0 (SPOT_A_32_P149625)	A_32_P149625	0.00	-0.25	2.78	4.39
	1.00	0 (SPOT_A_32_P149755)	A_32_P149755	0.00	1.99	1.81	2.65
	1.00	0 (SPOT_A_32_P15428)	A_32_P15428	0.00	4.93	6.16	9.19
	1.00	0 (SPOT_A_32_P157114)	A_32_P157114	0.00	-0.11	0.78	1.24
	1.00	0 (SPOT_A_32_P157775)	A_32_P157775	0.00	1.33	1.90	6.21
	1.00	IGKV4-1	A_32_P157927	0.00	-0.02	2.20	3.57
	1.00	0 (SPOT_A_32_P158524)	A_32_P158524	0.00	0.85	2.38	3.79
	1.00	0 (SPOT_A_32_P158708)	A_32_P158708	0.00	1.65	1.60	5.19
	1.00	0 (SPOT_A_32_P159574)	A_32_P159574	0.00	0.92	1.89	1.73
	1.00	0 (SPOT_A_32_P160793)	A_32_P160793	0.00	4.39	7.95	8.61
	1.00	0 (SPOT_A_32_P161292)	A_32_P161292	0.00	5.28	9.22	7.91
	1.00	RUNX2	A_32_P161762	0.00	3.78	7.80	7.82
	1.00	0 (SPOT_A_32_P16263)	A_32_P16263	0.00	0.72	1.59	4.24
	1.00	C12ORF75	A_32_P163089	0.00	2.55	2.21	3.97
	1.00	0 (SPOT_A_32_P164168)	A_32_P164168	0.00	-0.00	3.63	6.03
	1.00	0 (SPOT_A_32_P164351)	A_32_P164351	0.00	0.07	1.85	3.79
	1.00	0 (SPOT_A_32_P164503)	A_32_P164503	0.00	-0.18	1.00	1.05
	1.00	0 (SPOT_A_32_P165823)	A_32_P165823	0.00	2.69	3.86	4.51
	1.00	0 (SPOT_A_32_P167592)	A_32_P167592	0.00	5.88	6.09	10.92
	1.00	0 (SPOT_A_32_P168342)	A_32_P168342	0.00	0.66	1.19	2.72
	1.00	0 (SPOT_A_32_P169906)	A_32_P169906	0.00	0.16	0.95	2.22
	1.00	0 (SPOT_A_32_P171328)	A_32_P171328	0.00	1.20	2.92	5.31
	1.00	0 (SPOT_A_32_P171747)	A_32_P171747	0.00	1.00	0.87	1.31
	1.00	0 (SPOT_A_32_P174680)	A_32_P174680	0.00	3.26	5.37	8.62
	1.00	0 (SPOT_A_32_P175683)	A_32_P175683	0.00	4.10	6.56	5.71
	1.00	0 (SPOT_A_32_P176956)	A_32_P176956	0.00	2.02	5.40	6.23
	1.00	0 (SPOT_A_32_P178696)	A_32_P178696	0.00	1.69	2.57	2.35
	1.00	0 (SPOT_A_32_P179138)	A_32_P179138	0.00	5.28	14.70	16.57
	1.00	0 (SPOT_A_32_P180199)	A_32_P180199	0.00	6.31	7.36	9.45
	1.00	0 (SPOT_A_32_P181452)	A_32_P181452	0.00	1.58	1.71	2.92
	1.00	0 (SPOT_A_32_P181593)	A_32_P181593	0.00	0.51	2.33	3.07
	1.00	0 (SPOT_A_32_P182662)	A_32_P182662	0.00	3.54	3.84	4.56
	1.00	0 (SPOT_A_32_P18357)	A_32_P18357	0.00	4.30	5.28	7.43
	1.00	ARID5B	A_32_P18440	0.00	3.50	3.77	7.05
	1.00	0 (SPOT_A_32_P184727)	A_32_P184727	0.00	-0.05	1.87	2.18
	1.00	0 (SPOT_A_32_P184933)	A_32_P184933	0.00	1.58	2.70	4.93
	1.00	0 (SPOT_A_32_P185682)	A_32_P185682	0.00	1.84	3.39	6.76
	1.00	0 (SPOT_A_32_P187851)	A_32_P187851	0.00	0.42	2.54	4.82
	1.00	0 (SPOT_A_32_P189034)	A_32_P189034	0.00	3.61	3.48	6.35
	1.00	0 (SPOT_A_32_P190737)	A_32_P190737	0.00	1.66	2.36	2.52
	1.00	IGHV1-46	A_32_P190951	0.00	0.68	0.89	1.36
	1.00	0 (SPOT_A_32_P190959)	A_32_P190959	0.00	4.33	3.51	6.13
	1.00	0 (SPOT_A_32_P193194)	A_32_P193194	0.00	5.25	9.99	12.55
	1.00	0 (SPOT_A_32_P1948)	A_32_P1948	0.00	0.53	2.08	1.80
	1.00	0 (SPOT_A_32_P195478)	A_32_P195478	0.00	5.07	4.08	6.65
	1.00	0 (SPOT_A_32_P197620)	A_32_P197620	0.00	-0.01	1.00	2.12
	1.00	0 (SPOT_A_32_P197942)	A_32_P197942	0.00	-0.52	2.76	2.31
	1.00	0 (SPOT_A_32_P201976)	A_32_P201976	0.00	4.88	8.82	12.10
	1.00	0 (SPOT_A_32_P202587)	A_32_P202587	0.00	1.28	1.82	3.01
	1.00	0 (SPOT_A_32_P202886)	A_32_P202886	0.00	-0.10	1.04	1.96
	1.00	0 (SPOT_A_32_P203500)	A_32_P203500	0.00	3.21	4.05	4.19
	1.00	FBXO39	A_32_P204980	0.00	1.11	6.25	8.72
	1.00	0 (SPOT_A_32_P204989)	A_32_P204989	0.00	1.15	2.69	3.98
	1.00	0 (SPOT_A_32_P206104)	A_32_P206104	0.00	0.69	3.96	3.06
	1.00	0 (SPOT_A_32_P206391)	A_32_P206391	0.00	-1.48	5.95	5.34
	1.00	0 (SPOT_A_32_P20703)	A_32_P20703	0.00	4.82	5.70	5.88
	1.00	0 (SPOT_A_32_P207360)	A_32_P207360	0.00	2.91	4.02	4.37
	1.00	MKRN7P	A_32_P209624	0.00	2.36	2.99	4.09
	1.00	E2F7	A_32_P210202	0.00	9.66	13.93	18.18
	1.00	0 (SPOT_A_32_P210525)	A_32_P210525	0.00	2.91	4.03	8.45
	1.00	0 (SPOT_A_32_P210744)	A_32_P210744	0.00	1.63	2.47	5.55
	1.00	0 (SPOT_A_32_P211414)	A_32_P211414	0.00	4.63	6.78	7.40
	1.00	0 (SPOT_A_32_P21222)	A_32_P21222	0.00	1.62	4.17	3.74
	1.00	HCG27	A_32_P21246	0.00	4.22	3.49	7.15
	1.00	0 (SPOT_A_32_P212566)	A_32_P212566	0.00	0.66	5.53	9.29
	1.00	0 (SPOT_A_32_P213389)	A_32_P213389	0.00	1.54	2.73	3.56
	1.00	0 (SPOT_A_32_P215003)	A_32_P215003	0.00	3.38	4.60	5.16
	1.00	0 (SPOT_A_32_P217100)	A_32_P217100	0.00	-0.09	3.28	5.34
	1.00	0 (SPOT_A_32_P21993)	A_32_P21993	0.00	0.67	4.94	4.10
	1.00	0 (SPOT_A_32_P220372)	A_32_P220372	0.00	0.52	3.29	5.76
	1.00	0 (SPOT_A_32_P221076)	A_32_P221076	0.00	2.03	2.63	3.29
	1.00	0 (SPOT_A_32_P221569)	A_32_P221569	0.00	4.17	3.58	7.51
	1.00	0 (SPOT_A_32_P222250)	A_32_P222250	0.00	0.85	6.13	6.78
	1.00	0 (SPOT_A_32_P222374)	A_32_P222374	0.00	1.40	1.52	3.11
	1.00	PDCD6IPP1;PDCD6IP	A_32_P22338	0.00	1.24	1.21	2.96
	1.00	0 (SPOT_A_32_P225472)	A_32_P225472	0.00	1.43	3.36	5.81
	1.00	0 (SPOT_A_32_P225870)	A_32_P225870	0.00	4.03	5.37	8.67
	1.00	0 (SPOT_A_32_P226605)	A_32_P226605	0.00	7.31	10.32	11.77
	1.00	0 (SPOT_A_32_P226907)	A_32_P226907	0.00	1.08	2.34	5.47
	1.00	0 (SPOT_A_32_P227059)	A_32_P227059	0.00	1.90	4.70	8.01
	1.00	0 (SPOT_A_32_P227870)	A_32_P227870	0.00	2.14	5.09	6.30
	1.00	0 (SPOT_A_32_P228521)	A_32_P228521	0.00	1.27	3.04	5.42
	1.00	0 (SPOT_A_32_P23154)	A_32_P23154	0.00	1.51	4.23	3.62
	1.00	0 (SPOT_A_32_P232747)	A_32_P232747	0.00	2.80	3.25	8.92
	1.00	0 (SPOT_A_32_P234459)	A_32_P234459	0.00	1.98	3.40	8.25
	1.00	0 (SPOT_A_32_P234485)	A_32_P234485	0.00	0.23	6.14	6.65
	1.00	0 (SPOT_A_32_P23854)	A_32_P23854	0.00	-0.20	1.44	2.16
	1.00	0 (SPOT_A_32_P26092)	A_32_P26092	0.00	4.97	4.48	9.12
	1.00	0 (SPOT_A_32_P26299)	A_32_P26299	0.00	1.76	3.06	4.78
	1.00	ERICH1	A_32_P26969	0.00	4.63	5.58	8.80
	1.00	0 (SPOT_A_32_P2883)	A_32_P2883	0.00	4.57	5.83	7.31
	1.00	0 (SPOT_A_32_P30345)	A_32_P30345	0.00	4.66	7.76	8.68
	1.00	0 (SPOT_A_32_P30760)	A_32_P30760	0.00	2.11	5.98	8.73
	1.00	0 (SPOT_A_32_P30926)	A_32_P30926	0.00	1.01	1.10	1.25
	1.00	JAM2	A_32_P310335	0.00	1.20	2.57	2.57
	1.00	0 (SPOT_A_32_P32315)	A_32_P32315	0.00	2.92	4.65	8.92
	1.00	0 (SPOT_A_32_P324533)	A_32_P324533	0.00	2.54	4.37	3.51
	1.00	ZNF812P	A_32_P33434	0.00	2.94	4.01	4.44
	1.00	FRMD7	A_32_P336776	0.00	5.24	9.22	7.79
	1.00	0 (SPOT_A_32_P34107)	A_32_P34107	0.00	-1.18	4.49	5.80
	1.00	0 (SPOT_A_32_P34365)	A_32_P34365	0.00	-1.29	4.56	5.65
	1.00	0 (SPOT_A_32_P34495)	A_32_P34495	0.00	1.70	6.98	7.26
	1.00	APOBEC3H	A_32_P347617	0.00	4.46	3.77	10.17
	1.00	0 (SPOT_A_32_P34881)	A_32_P34881	0.00	2.07	1.73	2.92
	1.00	0 (SPOT_A_32_P35839)	A_32_P35839	0.00	0.29	5.78	11.88
	1.00	CHRFAM7A;CHRNA7	A_32_P35969	0.00	1.78	3.45	4.62
	1.00	0 (SPOT_A_32_P36511)	A_32_P36511	0.00	7.49	12.05	14.33
	1.00	0 (SPOT_A_32_P372878)	A_32_P372878	0.00	11.31	17.11	20.90
	1.00	0 (SPOT_A_32_P38125)	A_32_P38125	0.00	10.27	10.52	15.55
	1.00	0 (SPOT_A_32_P39093)	A_32_P39093	0.00	6.88	5.85	12.80
	1.00	0 (SPOT_A_32_P39384)	A_32_P39384	0.00	3.59	5.08	4.71
	1.00	0 (SPOT_A_32_P40611)	A_32_P40611	0.00	-0.45	1.07	1.25
	1.00	0 (SPOT_A_32_P41551)	A_32_P41551	0.00	6.22	5.71	11.66
	1.00	NLRC5	A_32_P416583	0.00	1.00	2.49	2.34
	1.00	ALS2CL	A_32_P420009	0.00	0.48	1.37	1.77
	1.00	0 (SPOT_A_32_P42913)	A_32_P42913	0.00	0.84	2.64	3.62
	1.00	EEF1A1P12	A_32_P44316	0.00	2.00	1.49	3.09
	1.00	SRSF12	A_32_P456318	0.00	10.29	12.95	20.69
	1.00	0 (SPOT_A_32_P4581)	A_32_P4581	0.00	2.28	7.47	8.61
	1.00	HLA-E	A_32_P460973	0.00	3.28	3.77	5.74
	1.00	0 (SPOT_A_32_P46146)	A_32_P46146	0.00	1.65	3.53	5.77
	1.00	0 (SPOT_A_32_P468289)	A_32_P468289	0.00	4.13	4.94	10.12
	1.00	GSX1	A_32_P470728	0.00	1.00	1.65	1.50
	1.00	0 (SPOT_A_32_P47166)	A_32_P47166	0.00	1.20	1.88	2.02
	1.00	LINC00593	A_32_P479743	0.00	1.02	2.47	4.64
	1.00	0 (SPOT_A_32_P49035)	A_32_P49035	0.00	1.31	1.49	1.77
	1.00	0 (SPOT_A_32_P496952)	A_32_P496952	0.00	3.27	10.87	8.34
	1.00	PLK5	A_32_P50223	0.00	0.11	1.21	0.94
	1.00	OTOA	A_32_P52519	0.00	3.79	3.83	5.40
	1.00	SGSM1	A_32_P527371	0.00	0.26	2.71	6.28
	1.00	0 (SPOT_A_32_P5417)	A_32_P5417	0.00	2.19	4.14	6.92
	1.00	0 (SPOT_A_32_P55344)	A_32_P55344	0.00	0.05	0.99	2.31
	1.00	0 (SPOT_A_32_P56759)	A_32_P56759	0.00	6.38	6.19	8.55
	1.00	0 (SPOT_A_32_P58913)	A_32_P58913	0.00	-0.31	2.66	4.56
	1.00	0 (SPOT_A_32_P60632)	A_32_P60632	0.00	3.20	3.14	5.30
	1.00	0 (SPOT_A_32_P61132)	A_32_P61132	0.00	-0.38	4.02	4.08
	1.00	0 (SPOT_A_32_P62145)	A_32_P62145	0.00	-0.29	2.95	3.67
	1.00	0 (SPOT_A_32_P62342)	A_32_P62342	0.00	3.19	4.42	6.09
	1.00	0 (SPOT_A_32_P63162)	A_32_P63162	0.00	2.61	2.65	6.22
	1.00	OXCT1	A_32_P63848	0.00	1.94	5.02	7.00
	1.00	0 (SPOT_A_32_P65022)	A_32_P65022	0.00	0.79	1.69	4.51
	1.00	0 (SPOT_A_32_P6575)	A_32_P6575	0.00	7.40	11.60	12.83
	1.00	0 (SPOT_A_32_P6628)	A_32_P6628	0.00	4.16	4.03	7.77
	1.00	0 (SPOT_A_32_P68479)	A_32_P68479	0.00	-0.26	0.70	1.22
	1.00	0 (SPOT_A_32_P718498)	A_32_P718498	0.00	2.24	3.84	3.84
	1.00	0 (SPOT_A_32_P721983)	A_32_P721983	0.00	1.53	1.76	1.99
	1.00	0 (SPOT_A_32_P72447)	A_32_P72447	0.00	2.01	2.82	5.93
	1.00	0 (SPOT_A_32_P738283)	A_32_P738283	0.00	0.33	3.78	4.54
	1.00	0 (SPOT_A_32_P74120)	A_32_P74120	0.00	-0.83	2.40	3.54
	1.00	C11ORF96	A_32_P74409	0.00	14.07	16.68	17.35
	1.00	0 (SPOT_A_32_P74983)	A_32_P74983	0.00	4.07	4.17	5.19
	1.00	0 (SPOT_A_32_P7602)	A_32_P7602	0.00	-0.15	3.84	7.16
	1.00	CTDSPL2	A_32_P76060	0.00	0.64	1.27	1.53
	1.00	IGKV6-21	A_32_P76137	0.00	1.35	1.71	2.91
	1.00	GOLGA8J;GOLGA8R;GOLGA8Q;GOLGA8O;GOLGA8N	A_32_P76853	0.00	1.26	1.47	1.58
	1.00	0 (SPOT_A_32_P7823)	A_32_P7823	0.00	0.46	1.21	3.02
	1.00	0 (SPOT_A_32_P79396)	A_32_P79396	0.00	11.13	15.90	14.09
	1.00	ARL4AP2	A_32_P806841	0.00	3.24	4.39	5.40
	1.00	0 (SPOT_A_32_P82293)	A_32_P82293	0.00	4.48	4.15	7.46
	1.00	0 (SPOT_A_32_P82424)	A_32_P82424	0.00	3.76	3.92	5.68
	1.00	0 (SPOT_A_32_P82671)	A_32_P82671	0.00	4.72	6.38	7.32
	1.00	HEY1	A_32_P83845	0.00	4.36	6.23	5.63
	1.00	0 (SPOT_A_32_P84526)	A_32_P84526	0.00	0.87	2.63	3.64
	1.00	0 (SPOT_A_32_P85495)	A_32_P85495	0.00	0.08	4.08	3.76
	1.00	PM20D2	A_32_P86118	0.00	0.57	4.17	8.47
	1.00	0 (SPOT_A_32_P86802)	A_32_P86802	0.00	0.97	3.49	4.26
	1.00	0 (SPOT_A_32_P87145)	A_32_P87145	0.00	7.01	9.76	10.78
	1.00	0 (SPOT_A_32_P89352)	A_32_P89352	0.00	1.20	4.19	5.63
	1.00	0 (SPOT_A_32_P92415)	A_32_P92415	0.00	5.58	6.91	8.33
	1.00	0 (SPOT_A_32_P94122)	A_32_P94122	0.00	0.70	1.14	2.16
	1.00	AK4;AK4P3	A_32_P95067	0.00	1.65	2.75	4.18
	1.00	UBXN4	A_32_P95823	0.00	1.47	2.75	2.70
	1.00	0 (SPOT_A_32_P95894)	A_32_P95894	0.00	0.62	5.95	8.13
	1.00	0 (SPOT_A_32_P97506)	A_32_P97506	0.00	-0.54	1.86	3.52
